top_enclosure.stl 1 bbox [[-144.279, -224.94, 61.5], [144.996, 224.948, 66.5]] cen [0.039, -0.141, 63.878] volume_cc 143.8641
m4_countersunk_hex_drive_screw__12mm_l__alloy_steel.stl 60 bbox [[-4.0, -3.464, -6.0], [3.939, 3.464, 6.0]] cen [0.001, -0.002, 1.399] volume_cc 0.1604
m3_low_profile_socket_head_screw__5mm_l__hs_steel.stl 73 bbox [[-2.747, -2.722, -3.5], [2.74, 2.726, 3.5]] cen [0.0, 0.001, 1.126] volume_cc 0.072
m3_countersunk_hex_drive_screw__8mm_l__alloy_steel.stl 36 bbox [[-2.298, -2.598, -4.0], [2.719, 2.898, 4.0]] cen [-0.001, -0.0, 0.95] volume_cc 0.0614
bottom_enclosure.stl 1 bbox [[-144.711, -224.902, 56.5], [144.774, 224.904, 61.5]] cen [0.038, -0.139, 59.108] volume_cc 145.8915
tibia.stl 6 bbox [[-21.742, -33.25, -23.462], [129.852, 33.25, 22.525]] cen [52.504, -0.156, 0.012] volume_cc 72.095
m4_low_profile_socket_head_screw__8mm_l__18_8_ss.stl 72 bbox [[-3.381, -3.188, -5.4], [3.5, 3.5, 5.4]] cen [0.001, 0.0, 1.566] volume_cc 0.1786
m3_low_profile_socket_head_screw__6mm_l__18_8_ss.stl 96 bbox [[-2.74, -2.74, -4.0], [2.39, 2.505, 4.0]] cen [0.0, -0.001, 1.221] volume_cc 0.0773
m3_low_profile_socket_head_screw__8mm_l__18_8_ss.stl 144 bbox [[-2.544, -2.584, -5.0], [2.708, 2.584, 5.0]] cen [0.0, -0.001, 1.43] volume_cc 0.0886
tibia_attatchment_plate.stl 6 bbox [[-23.472, -26.532, -51.98], [23.283, 26.532, -1.6]] cen [0.0, 0.229, -15.615] volume_cc 7.2532
first_joint_spacer.stl 6 bbox [[-83.0, -17.5, 1.6], [-64.0, 17.5, 50.6]] cen [-75.284, -0.0, 26.191] volume_cc 22.775
first_joint_top.stl 6 bbox [[-83.0, -24.876, 50.6], [25.0, 24.998, 52.2]] cen [-34.46, -0.106, 51.4] volume_cc 5.0469
m3_low_profile__socket_head_shoulder_screw__45mm_shoulder_l__4mm_l__18_8_ss.stl 12 bbox [[-2.954, -2.998, -51.0], [2.988, 2.954, 0.0]] cen [0.0, -0.0, -23.443] volume_cc 0.6359
standoff_plate.stl 4 bbox [[-65.0, -28.0, -28.25], [65.0, 0.0, 28.25]] cen [0.0, -21.955, -0.0] volume_cc 35.7003
pem_m4_self_clinching_nut__300_ss.stl 48 bbox [[-0.0, -3.875, -3.935], [3.38, 3.935, 3.935]] cen [1.967, -0.0, 0.0] volume_cc 0.1063
bottom_plate.stl 1 bbox [[-96.152, -177.0, 61.5], [96.343, 177.0, 63.1]] cen [-0.0, 0.0, 62.3] volume_cc 93.5698
m4_through_hole_standoff__8mm_l__hardened_steel.stl 21 bbox [[-7.5, -3.95, -4.561], [0.5, 3.95, 4.561]] cen [-3.484, -0.0, -0.0] volume_cc 0.249
standoff_plate__2.stl 2 bbox [[-45.0, -28.0, -28.25], [45.0, 0.0, 28.25]] cen [-0.0, -19.752, 0.0] volume_cc 28.7336
femur_first_stage.stl 6 bbox [[-16.0, -30.282, -1.6], [16.0, 30.282, 61.0]] cen [-0.0, 0.214, 18.692] volume_cc 10.7938
motor_bearing_holder.stl 18 bbox [[-23.0, -22.912, 0.0], [23.0, 23.0, 5.0]] cen [-0.0, -0.0, 2.433] volume_cc 5.3691
bearing_insert.stl 18 bbox [[-15.5, -15.5, 0.0], [15.5, 15.5, 7.75]] cen [0.0, -0.0, 5.598] volume_cc 2.0575
motor_flange.stl 18 bbox [[-15.5, -3.75, -15.5], [15.5, 0.0, 15.5]] cen [-0.0, -1.897, -0.0] volume_cc 2.342
hex_socket_head_countersunk_screw_grade_c_m3x0_5_x_10__1cb4a3dadc02821627dad8d7e6578bbe.stl 72 bbox [[-2.77, -2.759, -10.0], [2.77, 2.759, -0.0]] cen [-0.0, -0.0, -4.191] volume_cc 0.0859
first_joint_bottom_plate.stl 6 bbox [[-82.429, -26.1, 0.0], [24.788, 26.1, 50.093]] cen [-39.528, 0.129, 8.94] volume_cc 9.8753
pem_bsos_m3_6____c8b4713a2b299da432156142d6d3e6d8.stl 12 bbox [[-2.4, -2.771, -6.0], [2.4, 2.771, -0.0]] cen [0.0, -0.0, -2.704] volume_cc 0.0608
1_1_31_eb463_510_fl46blw10_48v_5n_m_de_2__fl46blw10_48v_5n_m_de__êäèë1.stl 18 bbox [[-23.0, -23.0, 0.0], [22.651, 22.912, 2.5]] cen [-0.0, -0.0, 1.277] volume_cc 1.3331
1_2_05_000608_fl46blw10_48v_5n_m_de_2__fl46blw10_48v_5n_m_de__êäèë1.stl 72 bbox [[-6.0, -1.25, -2.341], [4.0, 2.035, 2.35]] cen [-1.722, 0.0, 0.001] volume_cc 0.0467
1_2_05_000555_fl46blw10_48v_5n_m_de_2__fl46blw10_48v_5n_m_de__êäèë1.stl 144 bbox [[-3.0, -1.9, -1.556], [3.0, 1.785, 1.893]] cen [-0.588, 0.001, 0.0] volume_cc 0.0188
1_2_05_000438_fl46blw10_48v_5n_m_de_2__fl46blw10_48v_5n_m_de__êäèë1.stl 144 bbox [[-2.0, -1.556, -1.893], [2.0, 1.722, 1.785]] cen [-0.486, 0.001, 0.0] volume_cc 0.014
1_1_06_eb463_507_fl46blw10_48v_5n_m_de_2__fl46blw10_48v_5n_m_de__çð³ý_à_éì1.stl 18 bbox [[-22.997, -23.0, -11.6], [23.0, 22.999, 23.5]] cen [0.402, 0.0, 4.767] volume_cc 8.1361
1_1_06_eb463_509_fl46blw10_48v_5n_m_de_2__fl46blw10_48v_5n_m_de__êäèë1.stl 18 bbox [[-22.96, -22.999, 0.0], [22.935, 23.0, 4.7]] cen [0.14, 0.01, 1.113] volume_cc 2.3759
1_1_02_eb461_502_fl46blw10_48v_5n_m_de_2__fl46blw10_48v_5n_m_de__êäèë1.stl 18 bbox [[-22.0, -22.912, 1.0], [23.0, 22.912, 10.0]] cen [0.0, -0.0, 6.147] volume_cc 3.7419
1_2_16_001425_fl46blw10_48v_5n_m_de_2__fl46blw10_48v_5n_m_de__çð³ý_à_éì2.stl 18 bbox [[3.064, 10.243, -6.77], [39.809, 47.764, -0.01]] cen [19.71, 29.195, -1.371] volume_cc 2.1068
revolve1_1.stl 18 bbox [[-13.0, -13.0, -2.5], [13.0, 13.0, 2.5]] cen [0.0, -0.0, 0.0] volume_cc 0.3285
cirpattern1_7.stl 18 bbox [[-4.146, -11.998, -1.563], [-1.001, -8.869, 1.569]] cen [-2.573, -10.438, 0.0] volume_cc 0.0163
revolve3_1.stl 18 bbox [[-11.447, -11.447, 1.575], [11.447, 11.447, 2.412]] cen [-0.0, -0.0, 1.965] volume_cc 0.097
cirpattern1_8.stl 18 bbox [[-8.7, -9.608, -1.563], [-5.556, -6.475, 1.569]] cen [-7.129, -8.046, 0.0] volume_cc 0.0163
cirpattern1_11.stl 18 bbox [[-10.418, 4.534, -1.563], [-7.283, 7.677, 1.569]] cen [-8.847, 6.107, -0.0] volume_cc 0.0163
cirpattern2.stl 18 bbox [[-11.726, -11.726, 2.041], [11.647, 11.726, 2.479]] cen [0.0, 0.0, 2.204] volume_cc 0.0082
cirpattern1_9.stl 18 bbox [[-11.605, -5.384, -1.563], [-8.484, -2.24, 1.569]] cen [-10.051, -3.812, -0.0] volume_cc 0.0163
cirpattern1_3.stl 18 bbox [[9.103, -0.278, -1.563], [12.24, 2.87, 1.569]] cen [10.672, 1.296, -0.0] volume_cc 0.0163
cirpattern1_6.stl 18 bbox [[0.998, -12.003, -1.563], [4.146, -8.863, 1.569]] cen [2.573, -10.438, -0.0] volume_cc 0.0163
cirpattern1_5.stl 18 bbox [[5.566, -9.621, -1.563], [8.703, -6.474, 1.569]] cen [7.129, -8.046, -0.0] volume_cc 0.0163
revolve1_2.stl 18 bbox [[-9.386, -9.386, -2.5], [9.386, 9.386, 2.5]] cen [-0.0, -0.0, 0.0] volume_cc 0.2275
revolve2.stl 18 bbox [[-1.575, 9.187, -1.563], [1.575, 12.319, 1.569]] cen [0.0, 10.75, 0.0] volume_cc 0.0163
cirpattern1_12.stl 18 bbox [[-6.568, 7.95, -1.563], [-3.423, 11.088, 1.569]] cen [-4.996, 9.519, 0.0] volume_cc 0.0163
cirpattern1_1.stl 18 bbox [[3.427, 7.974, -1.563], [6.569, 11.092, 1.569]] cen [4.996, 9.519, -0.0] volume_cc 0.0163
cirpattern1_2.stl 18 bbox [[7.276, 4.534, -1.563], [10.415, 7.675, 1.569]] cen [8.847, 6.107, 0.0] volume_cc 0.0163
cirpattern1_4.stl 18 bbox [[8.49, -5.386, -1.563], [11.621, -2.238, 1.569]] cen [10.051, -3.812, 0.0] volume_cc 0.0163
revolve3_2.stl 18 bbox [[-11.447, -11.447, -2.412], [11.447, 11.447, -1.575]] cen [0.0, -0.0, -1.965] volume_cc 0.097
mirror1.stl 18 bbox [[-11.726, -11.726, -2.479], [11.647, 11.726, -2.041]] cen [0.0, 0.0, -2.204] volume_cc 0.0082
cirpattern1_10.stl 18 bbox [[-12.246, -0.278, -1.563], [-9.105, 2.868, 1.569]] cen [-10.672, 1.296, 0.0] volume_cc 0.0163
1_2_05_020051_fl46blw10_48v_5n_m_de_2__fl46blw10_48v_5n_m_de__none.stl 54 bbox [[-2.0, -1.992, -6.552], [2.0, 2.0, 0.0]] cen [-0.0, -0.0, -3.98] volume_cc 0.03
1_2_05_020051_fl46blw10_48v_5n_m_de_2__fl46blw10_48v_5n_m_de__none__2.stl 54 bbox [[-1.0, -1.0, -4.0], [1.0, 1.0, 0.0]] cen [0.0, 0.0, -0.912] volume_cc 0.0038
0001755652_1_1_30_gr_2202_asm_1_asm_1_1_30_gr_2202_asm_fl46blw10_48v_5n_m_de_2__fl46blw10_48v_5n_m_de__êäèë1.stl 36 bbox [[-1.995, -1.992, -1.0], [2.0, 1.984, 13.0]] cen [0.0, 0.0, 6.0] volume_cc 0.1752
6706__300001_1_1_00mini_000_asm_1_asm_1_asm_00mini__20250103_a0001_asm_1_as_asm_1_1_30_gr_2202_asm_1_asm_1_1_30_gr_2202_asm_fl46blw10_48v_5n_m_de_2__fl46blw10_48v_5n_m_de__êäèë1.stl 18 bbox [[-18.482, -18.499, 0.0], [18.425, 18.5, 4.0]] cen [-0.0, -0.0, 2.0] volume_cc 1.2532
1_21_121000022__610001_1_1_00mini_000_asm_1_asm_1_asm_00mini__20250103_a0001_asm_1_as_asm_1_1_30_gr_2202_asm_1_asm_1_1_30_gr_2202_asm_fl46blw10_48v_5n_m_de_2__fl46blw10_48v_5n_m_de__êäèë1.stl 18 bbox [[-2.0, -5.416, -5.435], [2.0, 5.166, 5.479]] cen [0.0, 0.0, -0.0] volume_cc 0.2409
0001755652_00mini_000_asm_1_asm_1_asm_00mini__20250103_a0001_asm_1_as_asm_1_1_30_gr_2202_asm_1_asm_1_1_30_gr_2202_asm_fl46blw10_48v_5n_m_de_2__fl46blw10_48v_5n_m_de__êäèë1.stl 18 bbox [[-1.995, -1.992, -1.0], [2.0, 1.984, 13.0]] cen [0.0, 0.0, 6.0] volume_cc 0.1752
0001755650_00mini_000_asm_1_asm_1_asm_00mini__20250103_a0001_asm_1_as_asm_1_1_30_gr_2202_asm_1_asm_1_1_30_gr_2202_asm_fl46blw10_48v_5n_m_de_2__fl46blw10_48v_5n_m_de__êäèë1.stl 18 bbox [[-15.757, -15.757, -1.1], [15.757, 15.757, 6.9]] cen [-0.0, -0.0, 1.672] volume_cc 3.0182
inst 6 tibia.stl center [-277.643, -0.535, 64.755] origin [-226.07, -0.433, 74.6] axes [[-0.98221, 0.005, -0.18774], [-0.00491, -0.99999, -0.00094], [-0.18774, 0.0, 0.98222]]
inst 10 tibia_attatchment_plate.stl center [-216.069, -0.154, 66.473] origin [-203.949, -0.323, 56.627] axes [[-0.63059, -0.005, 0.7761], [-0.00315, 0.99999, 0.00388], [-0.77611, -0.0, -0.6306]]
inst 146 tibia.stl center [266.303, -0.717, 40.927] origin [226.019, -0.379, 74.6] axes [[0.7671, 0.00449, 0.64151], [-0.00345, 0.99999, -0.00288], [-0.64151, 0.0, 0.76711]]
inst 150 tibia_attatchment_plate.stl center [216.017, -0.564, 66.473] origin [203.899, -0.28, 56.627] axes [[0.63059, -0.0045, -0.7761], [-0.00283, -0.99999, 0.00349], [-0.77611, -0.0, -0.6306]]
inst 160 tibia.stl center [-215.314, 298.347, 71.775] origin [-176.008, 269.665, 52.049] axes [[-0.75044, -0.58686, 0.30403], [0.54392, -0.80969, -0.22036], [0.37549, 0.0, 0.92683]]
inst 164 tibia_attatchment_plate.stl center [-166.0, 262.695, 47.876] origin [-154.173, 253.839, 42.82] axes [[-0.26216, 0.58686, 0.76607], [0.19002, 0.80969, -0.55525], [-0.94613, -0.0, -0.32378]]
inst 174 tibia.stl center [-196.992, -305.556, 64.755] origin [-158.65, -271.064, 74.6] axes [[-0.72824, 0.67104, -0.13919], [-0.65911, -0.74142, -0.12598], [-0.18774, 0.0, 0.98222]]
inst 178 tibia_attatchment_plate.stl center [-151.388, -264.182, 66.473] origin [-142.249, -256.22, 56.627] axes [[-0.46754, -0.67104, 0.57542], [-0.42316, 0.74142, 0.5208], [-0.77611, -0.0, -0.6306]]
inst 188 tibia.stl center [189.6, -312.172, 61.596] origin [154.137, -275.703, 74.6] axes [[0.67751, 0.71478, 0.17337], [-0.69247, 0.69934, -0.1772], [-0.24791, 0.0, 0.96878]]
inst 192 tibia_attatchment_plate.stl center [146.978, -268.714, 66.473] origin [138.667, -259.891, 56.627] axes [[0.44101, -0.71479, -0.54277], [-0.45074, -0.69934, 0.55475], [-0.77611, -0.0, -0.6306]]
inst 202 tibia.stl center [199.137, 317.685, 53.463] origin [161.976, 281.166, 59.96] axes [[0.70565, -0.70305, 0.08817], [0.69763, 0.71114, 0.08717], [-0.12399, 0.0, 0.99228]]
inst 206 tibia_attatchment_plate.stl center [153.869, 272.829, 54.4] origin [143.69, 263.088, 47.664] axes [[0.3068, 0.70305, -0.64156], [0.30331, -0.71114, -0.63426], [-0.90215, -0.0, -0.43142]]
inst 233 femur_first_stage.stl center [-189.444, -0.036, 44.84] origin [-203.949, -0.323, 56.627] axes [[-0.63059, -0.005, 0.7761], [-0.00315, 0.99999, 0.00388], [-0.77611, -0.0, -0.6306]]
inst 246 motor_bearing_holder.stl center [-226.179, 21.499, 74.6] origin [-226.167, 19.066, 74.6] axes [[-0.10289, 0.99468, -0.00501], [-0.00051, 0.00498, 0.99999], [0.99469, 0.10289, -0.0]]
inst 247 bearing_insert.stl center [-226.2, 25.664, 74.6] origin [-226.172, 20.066, 74.6] axes [[-0.98221, -0.18774, -0.005], [-0.00491, -0.00094, 0.99999], [-0.18774, 0.98222, -0.0]]
inst 248 motor_flange.stl center [-225.938, -26.83, 74.6] origin [-225.947, -24.933, 74.6] axes [[0.18773, -0.005, 0.98221], [0.00094, 0.99999, 0.00491], [-0.98222, -0.0, 0.18774]]
inst 271 motor_bearing_holder.stl center [-169.134, 21.785, 28.25] origin [-169.122, 19.352, 28.25] axes [[-0.7071, -0.7071, -0.005], [-0.00354, -0.00353, 0.99999], [-0.70711, 0.70711, -0.0]]
inst 272 bearing_insert.stl center [-169.155, 25.95, 28.25] origin [-169.127, 20.352, 28.25] axes [[-0.63059, -0.7761, -0.005], [-0.00315, -0.00388, 0.99999], [-0.77611, 0.6306, -0.0]]
inst 273 motor_flange.stl center [-168.893, -26.545, 28.25] origin [-168.902, -24.648, 28.25] axes [[-0.63059, -0.005, 0.7761], [-0.00315, 0.99999, 0.00388], [-0.77611, -0.0, -0.6306]]
inst 278 motor_bearing_holder.stl center [-120.026, 0.097, 6.317] origin [-120.026, 0.097, 8.75] axes [[0.96688, 0.25522, 0.0], [0.25522, -0.96688, -0.0], [0.0, 0.0, -1.0]]
inst 279 bearing_insert.stl center [-120.026, 0.097, 2.152] origin [-120.026, 0.097, 7.75] axes [[0.99255, 0.12187, 0.0], [0.12187, -0.99255, -0.0], [0.0, 0.0, -1.0]]
inst 280 motor_flange.stl center [-120.026, 0.097, 54.647] origin [-120.026, 0.097, 52.75] axes [[1.0, 0.0, -0.0], [0.0, -0.0, 1.0], [-0.0, -1.0, -0.0]]
inst 334 femur_first_stage.stl center [189.391, -0.429, 44.84] origin [203.899, -0.28, 56.627] axes [[0.63059, -0.0045, -0.7761], [-0.00283, -0.99999, 0.00349], [-0.77611, -0.0, -0.6306]]
inst 347 motor_bearing_holder.stl center [225.92, -22.312, 74.6] origin [225.931, -19.879, 74.6] axes [[0.10289, -0.99468, -0.00449], [-0.00046, 0.00447, -0.99999], [0.99469, 0.10289, -0.0]]
inst 348 bearing_insert.stl center [225.902, -26.477, 74.6] origin [225.927, -20.879, 74.6] axes [[0.7671, 0.64151, -0.0045], [-0.00345, -0.00289, -0.99999], [-0.64151, 0.76711, -0.0]]
inst 349 motor_flange.stl center [226.138, 26.017, 74.6] origin [226.129, 24.12, 74.6] axes [[-0.64151, -0.00449, -0.7671], [0.00288, -0.99999, 0.00345], [-0.76711, -0.0, 0.64151]]
inst 372 motor_bearing_holder.stl center [168.875, -22.056, 28.25] origin [168.886, -19.623, 28.25] axes [[0.7071, 0.7071, -0.0045], [-0.00318, -0.00318, -0.99999], [-0.70711, 0.70711, -0.0]]
inst 373 bearing_insert.stl center [168.857, -26.221, 28.25] origin [168.882, -20.623, 28.25] axes [[0.63059, 0.7761, -0.0045], [-0.00283, -0.00349, -0.99999], [-0.77611, 0.6306, -0.0]]
inst 374 motor_flange.stl center [169.093, 26.274, 28.25] origin [169.084, 24.377, 28.25] axes [[0.63059, -0.0045, -0.7761], [-0.00283, -0.99999, 0.00349], [-0.77611, -0.0, -0.6306]]
inst 379 motor_bearing_holder.stl center [119.974, 0.097, 6.317] origin [119.974, 0.097, 8.75] axes [[-0.96926, -0.24603, -0.0], [-0.24603, 0.96926, 0.0], [0.0, 0.0, -1.0]]
inst 380 bearing_insert.stl center [119.974, 0.097, 2.152] origin [119.974, 0.097, 7.75] axes [[0.99255, 0.12187, -0.0], [0.12187, -0.99255, 0.0], [-0.0, -0.0, -1.0]]
inst 381 motor_flange.stl center [119.974, 0.097, 54.647] origin [119.974, 0.097, 52.75] axes [[1.0, 0.0, 0.0], [0.0, -0.0, 1.0], [0.0, -1.0, -0.0]]
inst 415 femur_first_stage.stl center [-139.728, 243.634, 36.768] origin [-154.173, 253.839, 42.82] axes [[-0.26216, 0.58686, 0.76607], [0.19002, 0.80969, -0.55525], [-0.94613, -0.0, -0.32378]]
inst 428 motor_bearing_holder.stl center [-163.136, 287.424, 52.049] origin [-164.564, 285.454, 52.049] axes [[-0.35631, 0.72708, 0.58686], [0.25825, -0.52698, 0.80969], [0.89797, 0.44006, -0.0]]
inst 429 bearing_insert.stl center [-160.692, 290.797, 52.049] origin [-163.977, 286.264, 52.049] axes [[-0.75044, 0.30403, 0.58686], [0.54392, -0.22035, 0.80969], [0.37549, 0.92683, -0.0]]
inst 430 motor_flange.stl center [-191.499, 248.292, 52.049] origin [-190.386, 249.828, 52.049] axes [[-0.30403, 0.58686, 0.75044], [0.22036, 0.80969, -0.54392], [-0.92683, -0.0, -0.37549]]
inst 453 motor_bearing_holder.stl center [-106.828, 246.612, 28.25] origin [-108.256, 244.642, 28.25] axes [[-0.57254, -0.57254, 0.58686], [0.41497, 0.41497, 0.80969], [-0.70711, 0.70711, -0.0]]
inst 454 bearing_insert.stl center [-104.385, 249.985, 28.25] origin [-107.67, 245.452, 28.25] axes [[-0.26216, -0.76607, 0.58686], [0.19002, 0.55525, 0.80969], [-0.94613, 0.32378, -0.0]]
inst 455 motor_flange.stl center [-135.191, 207.48, 28.25] origin [-134.078, 209.016, 28.25] axes [[-0.26216, 0.58686, 0.76607], [0.19002, 0.80969, -0.55525], [-0.94613, -0.0, -0.32378]]
inst 460 motor_bearing_holder.stl center [-80.026, 200.097, 6.317] origin [-80.026, 200.097, 8.75] axes [[0.93084, -0.36544, -0.0], [-0.36544, -0.93084, -0.0], [0.0, 0.0, -1.0]]
inst 461 bearing_insert.stl center [-80.025, 200.097, 2.152] origin [-80.026, 200.097, 7.75] axes [[0.99255, 0.12187, 0.0], [0.12187, -0.99255, -0.0], [-0.0, 0.0, -1.0]]
inst 462 motor_flange.stl center [-80.026, 200.097, 54.647] origin [-80.026, 200.097, 52.75] axes [[1.0, 0.0, -0.0], [0.0, -0.0, 1.0], [-0.0, -1.0, -0.0]]
inst 496 femur_first_stage.stl center [-131.637, -246.327, 44.84] origin [-142.249, -256.22, 56.627] axes [[-0.46754, -0.67104, 0.57542], [-0.42316, 0.74142, 0.5208], [-0.77611, -0.0, -0.6306]]
inst 509 motor_bearing_holder.stl center [-173.368, -254.802, 74.6] origin [-171.735, -256.606, 74.6] axes [[-0.07629, 0.73748, -0.67104], [-0.06905, 0.66748, 0.74142], [0.99469, 0.10289, -0.0]]
inst 510 bearing_insert.stl center [-176.162, -251.715, 74.6] origin [-172.406, -255.865, 74.6] axes [[-0.72824, -0.1392, -0.67104], [-0.65911, -0.12598, 0.74142], [-0.18774, 0.98222, -0.0]]
inst 511 motor_flange.stl center [-140.936, -290.635, 74.6] origin [-142.209, -289.229, 74.6] axes [[0.13919, -0.67104, 0.72824], [0.12598, 0.74142, 0.65911], [-0.98222, -0.0, 0.18774]]
inst 534 motor_bearing_holder.stl center [-131.073, -216.522, 28.25] origin [-129.44, -218.326, 28.25] axes [[-0.52426, -0.52427, -0.67104], [-0.4745, -0.4745, 0.74142], [-0.70711, 0.70711, -0.0]]
inst 535 bearing_insert.stl center [-133.867, -213.435, 28.25] origin [-130.111, -217.585, 28.25] axes [[-0.46754, -0.57543, -0.67104], [-0.42316, -0.5208, 0.74142], [-0.77611, 0.6306, -0.0]]
inst 536 motor_flange.stl center [-98.642, -252.355, 28.25] origin [-99.914, -250.949, 28.25] axes [[-0.46754, -0.67104, 0.57542], [-0.42316, 0.74142, 0.5208], [-0.77611, -0.0, -0.6306]]
inst 541 motor_bearing_holder.stl center [-80.025, -199.903, 6.317] origin [-80.026, -199.903, 8.75] axes [[0.54979, 0.83531, 0.0], [0.83531, -0.54979, -0.0], [0.0, 0.0, -1.0]]
inst 542 bearing_insert.stl center [-80.025, -199.903, 2.152] origin [-80.026, -199.903, 7.75] axes [[0.99255, 0.12187, 0.0], [0.12187, -0.99255, -0.0], [0.0, 0.0, -1.0]]
inst 543 motor_flange.stl center [-80.026, -199.903, 54.647] origin [-80.026, -199.903, 52.75] axes [[1.0, 0.0, 0.0], [0.0, -0.0, 1.0], [0.0, -1.0, -0.0]]
inst 577 femur_first_stage.stl center [128.369, -249.671, 44.84] origin [138.667, -259.891, 56.627] axes [[0.44101, -0.71479, -0.54277], [-0.45074, -0.69934, 0.55475], [-0.77611, -0.0, -0.6306]]
inst 590 motor_bearing_holder.stl center [138.46, -291.041, 74.6] origin [140.199, -289.34, 74.6] axes [[0.07196, -0.69564, -0.71478], [-0.07355, 0.71099, -0.69935], [0.99469, 0.10289, -0.0]]
inst 591 bearing_insert.stl center [135.483, -293.954, 74.6] origin [139.484, -290.039, 74.6] axes [[0.67751, 0.17337, -0.71479], [-0.69247, -0.1772, -0.69934], [-0.24791, 0.96878, -0.0]]
inst 592 motor_flange.stl center [173.005, -257.242, 74.6] origin [171.649, -258.569, 74.6] axes [[-0.17338, -0.71478, -0.67751], [0.1772, -0.69935, 0.69247], [-0.96878, -0.0, 0.24791]]
inst 615 motor_bearing_holder.stl center [98.565, -250.266, 28.25] origin [100.304, -248.565, 28.25] axes [[0.49451, 0.49451, -0.71479], [-0.50543, -0.50543, -0.69934], [-0.70711, 0.70711, -0.0]]
inst 616 bearing_insert.stl center [95.588, -253.179, 28.25] origin [99.589, -249.264, 28.25] axes [[0.44101, 0.54277, -0.71479], [-0.45074, -0.55475, -0.69934], [-0.77611, 0.6306, -0.0]]
inst 617 motor_flange.stl center [133.111, -216.466, 28.25] origin [131.755, -217.793, 28.25] axes [[0.44101, -0.71479, -0.54277], [-0.45074, -0.69934, 0.55475], [-0.77611, -0.0, -0.6306]]
inst 622 motor_bearing_holder.stl center [79.975, -199.903, 6.317] origin [79.974, -199.903, 8.75] axes [[-0.85604, 0.51691, 0.0], [0.51691, 0.85604, 0.0], [0.0, 0.0, -1.0]]
inst 623 bearing_insert.stl center [79.974, -199.903, 2.152] origin [79.974, -199.903, 7.75] axes [[0.99255, 0.12187, -0.0], [0.12187, -0.99255, 0.0], [0.0, -0.0, -1.0]]
inst 624 motor_flange.stl center [79.974, -199.903, 54.647] origin [79.974, -199.903, 52.75] axes [[1.0, 0.0, 0.0], [0.0, -0.0, 1.0], [0.0, -1.0, -0.0]]
inst 658 femur_first_stage.stl center [131.849, 251.081, 39.6] origin [143.69, 263.088, 47.664] axes [[0.3068, 0.70305, -0.64156], [0.30331, -0.71114, -0.63426], [-0.90215, -0.0, -0.43142]]
inst 671 motor_bearing_holder.stl center [177.396, 265.569, 59.96] origin [175.685, 267.299, 59.96] axes [[0.23671, -0.67058, 0.70306], [0.23402, -0.66296, -0.71113], [0.94298, 0.33286, -0.0]]
inst 672 bearing_insert.stl center [180.324, 262.607, 59.96] origin [176.388, 266.588, 59.96] axes [[0.70565, 0.08818, 0.70305], [0.69763, 0.08717, -0.71114], [-0.12399, 0.99228, -0.0]]
inst 673 motor_flange.stl center [143.417, 299.938, 59.96] origin [144.751, 298.589, 59.96] axes [[-0.08817, 0.70305, -0.70565], [-0.08717, -0.71114, -0.69763], [-0.99228, -0.0, 0.12399]]
inst 696 motor_bearing_holder.stl center [130.241, 218.95, 28.25] origin [128.53, 220.68, 28.25] axes [[0.50285, 0.50285, 0.70305], [0.49713, 0.49713, -0.71114], [-0.70711, 0.70711, -0.0]]
inst 697 bearing_insert.stl center [133.169, 215.987, 28.25] origin [129.233, 219.968, 28.25] axes [[0.3068, 0.64156, 0.70305], [0.30331, 0.63426, -0.71114], [-0.90215, 0.43142, -0.0]]
inst 698 motor_flange.stl center [96.262, 253.319, 28.25] origin [97.595, 251.97, 28.25] axes [[0.3068, 0.70305, -0.64156], [0.30331, -0.71114, -0.63426], [-0.90215, -0.0, -0.43142]]
inst 703 motor_bearing_holder.stl center [79.974, 200.097, 6.317] origin [79.974, 200.097, 8.75] axes [[-0.51246, -0.85871, -0.0], [-0.85871, 0.51246, 0.0], [0.0, 0.0, -1.0]]
inst 704 bearing_insert.stl center [79.974, 200.097, 2.152] origin [79.974, 200.097, 7.75] axes [[0.99255, 0.12187, -0.0], [0.12187, -0.99255, 0.0], [-0.0, -0.0, -1.0]]
inst 705 motor_flange.stl center [79.974, 200.097, 54.647] origin [79.974, 200.097, 52.75] axes [[1.0, 0.0, -0.0], [0.0, -0.0, 1.0], [-0.0, -1.0, -0.0]]
inst 749 revolve1_1.stl center [-226.182, 22.066, 74.6] origin [-226.182, 22.066, 74.6] axes [[-0.10289, -0.99468, 0.005], [-0.00051, -0.00497, -0.99999], [0.99469, -0.10289, -0.0]]
inst 750 cirpattern1_7.stl center [-215.535, 22.12, 73.115] origin [-226.182, 22.066, 74.6] axes [[-0.10289, -0.99468, 0.005], [-0.00051, -0.00497, -0.99999], [0.99469, -0.10289, -0.0]]
inst 751 revolve3_1.stl center [-226.172, 20.102, 74.6] origin [-226.182, 22.066, 74.6] axes [[-0.10289, -0.99468, 0.005], [-0.00051, -0.00497, -0.99999], [0.99469, -0.10289, -0.0]]
inst 752 cirpattern1_8.stl center [-217.445, 22.11, 68.337] origin [-226.182, 22.066, 74.6] axes [[-0.10289, -0.99468, 0.005], [-0.00051, -0.00497, -0.99999], [0.99469, -0.10289, -0.0]]
inst 753 cirpattern1_11.stl center [-231.346, 22.041, 65.172] origin [-226.182, 22.066, 74.6] axes [[-0.10289, -0.99468, 0.005], [-0.00051, -0.00497, -0.99999], [0.99469, -0.10289, -0.0]]
inst 754 cirpattern2.stl center [-226.171, 19.862, 74.6] origin [-226.182, 22.066, 74.6] axes [[-0.10289, -0.99468, 0.005], [-0.00051, -0.00497, -0.99999], [0.99469, -0.10289, -0.0]]
inst 755 cirpattern1_9.stl center [-221.356, 22.091, 64.994] origin [-226.182, 22.066, 74.6] axes [[-0.10289, -0.99468, 0.005], [-0.00051, -0.00497, -0.99999], [0.99469, -0.10289, -0.0]]
inst 756 cirpattern1_3.stl center [-228.569, 22.054, 85.082] origin [-226.182, 22.066, 74.6] axes [[-0.10289, -0.99468, 0.005], [-0.00051, -0.00497, -0.99999], [0.99469, -0.10289, -0.0]]
inst 757 cirpattern1_6.stl center [-216.065, 22.117, 78.233] origin [-226.182, 22.066, 74.6] axes [[-0.10289, -0.99468, 0.005], [-0.00051, -0.00497, -0.99999], [0.99469, -0.10289, -0.0]]
inst 758 cirpattern1_5.stl center [-218.912, 22.103, 82.519] origin [-226.182, 22.066, 74.6] axes [[-0.10289, -0.99468, 0.005], [-0.00051, -0.00497, -0.99999], [0.99469, -0.10289, -0.0]]
inst 759 revolve1_2.stl center [-226.182, 22.066, 74.6] origin [-226.182, 22.066, 74.6] axes [[-0.10289, -0.99468, 0.005], [-0.00051, -0.00497, -0.99999], [0.99469, -0.10289, -0.0]]
inst 760 revolve2.stl center [-236.875, 22.013, 73.494] origin [-226.182, 22.066, 74.6] axes [[-0.10289, -0.99468, 0.005], [-0.00051, -0.00497, -0.99999], [0.99469, -0.10289, -0.0]]
inst 761 cirpattern1_12.stl center [-235.136, 22.022, 68.652] origin [-226.182, 22.066, 74.6] axes [[-0.10289, -0.99468, 0.005], [-0.00051, -0.00497, -0.99999], [0.99469, -0.10289, -0.0]]
inst 762 cirpattern1_1.stl center [-236.164, 22.016, 78.59] origin [-226.182, 22.066, 74.6] axes [[-0.10289, -0.99468, 0.005], [-0.00051, -0.00497, -0.99999], [0.99469, -0.10289, -0.0]]
inst 763 cirpattern1_2.stl center [-233.167, 22.031, 82.772] origin [-226.182, 22.066, 74.6] axes [[-0.10289, -0.99468, 0.005], [-0.00051, -0.00497, -0.99999], [0.99469, -0.10289, -0.0]]
inst 764 cirpattern1_4.stl center [-223.424, 22.08, 84.991] origin [-226.182, 22.066, 74.6] axes [[-0.10289, -0.99468, 0.005], [-0.00051, -0.00497, -0.99999], [0.99469, -0.10289, -0.0]]
inst 765 revolve3_2.stl center [-226.192, 24.031, 74.6] origin [-226.182, 22.066, 74.6] axes [[-0.10289, -0.99468, 0.005], [-0.00051, -0.00497, -0.99999], [0.99469, -0.10289, -0.0]]
inst 766 mirror1.stl center [-226.193, 24.27, 74.6] origin [-226.182, 22.066, 74.6] axes [[-0.10289, -0.99468, 0.005], [-0.00051, -0.00497, -0.99999], [0.99469, -0.10289, -0.0]]
inst 767 cirpattern1_10.stl center [-226.373, 22.065, 63.852] origin [-226.182, 22.066, 74.6] axes [[-0.10289, -0.99468, 0.005], [-0.00051, -0.00497, -0.99999], [0.99469, -0.10289, -0.0]]
inst 794 revolve1_1.stl center [-169.137, 22.352, 28.25] origin [-169.137, 22.352, 28.25] axes [[-0.7071, 0.7071, 0.00501], [-0.00354, 0.00354, -0.99999], [-0.70711, -0.70711, -0.0]]
inst 795 cirpattern1_7.stl center [-174.698, 22.324, 37.45] origin [-169.137, 22.352, 28.25] axes [[-0.7071, 0.7071, 0.00501], [-0.00354, 0.00354, -0.99999], [-0.70711, -0.70711, -0.0]]
inst 796 revolve3_1.stl center [-169.127, 20.387, 28.25] origin [-169.137, 22.352, 28.25] axes [[-0.7071, 0.7071, 0.00501], [-0.00354, 0.00354, -0.99999], [-0.70711, -0.70711, -0.0]]
inst 797 cirpattern1_8.stl center [-169.786, 22.348, 38.98] origin [-169.137, 22.352, 28.25] axes [[-0.7071, 0.7071, 0.00501], [-0.00354, 0.00354, -0.99999], [-0.70711, -0.70711, -0.0]]
inst 798 cirpattern1_11.stl center [-158.563, 22.405, 30.188] origin [-169.137, 22.352, 28.25] axes [[-0.7071, 0.7071, 0.00501], [-0.00354, 0.00354, -0.99999], [-0.70711, -0.70711, -0.0]]
inst 799 cirpattern2.stl center [-169.126, 20.148, 28.25] origin [-169.137, 22.352, 28.25] axes [[-0.7071, 0.7071, 0.00501], [-0.00354, 0.00354, -0.99999], [-0.70711, -0.70711, -0.0]]
inst 800 cirpattern1_9.stl center [-164.725, 22.374, 38.053] origin [-169.137, 22.352, 28.25] axes [[-0.7071, 0.7071, 0.00501], [-0.00354, 0.00354, -0.99999], [-0.70711, -0.70711, -0.0]]
inst 801 cirpattern1_3.stl center [-175.767, 22.319, 19.788] origin [-169.137, 22.352, 28.25] axes [[-0.7071, 0.7071, 0.00501], [-0.00354, 0.00354, -0.99999], [-0.70711, -0.70711, -0.0]]
inst 802 cirpattern1_6.stl center [-178.337, 22.306, 33.811] origin [-169.137, 22.352, 28.25] axes [[-0.7071, 0.7071, 0.00501], [-0.00354, 0.00354, -0.99999], [-0.70711, -0.70711, -0.0]]
inst 803 cirpattern1_5.stl center [-179.867, 22.298, 28.899] origin [-169.137, 22.352, 28.25] axes [[-0.7071, 0.7071, 0.00501], [-0.00354, 0.00354, -0.99999], [-0.70711, -0.70711, -0.0]]
inst 804 revolve1_2.stl center [-169.137, 22.352, 28.25] origin [-169.137, 22.352, 28.25] axes [[-0.7071, 0.7071, 0.00501], [-0.00354, 0.00354, -0.99999], [-0.70711, -0.70711, -0.0]]
inst 805 revolve2.stl center [-161.536, 22.39, 20.649] origin [-169.137, 22.352, 28.25] axes [[-0.7071, 0.7071, 0.00501], [-0.00354, 0.00354, -0.99999], [-0.70711, -0.70711, -0.0]]
inst 806 cirpattern1_12.stl center [-158.874, 22.403, 25.052] origin [-169.137, 22.352, 28.25] axes [[-0.7071, 0.7071, 0.00501], [-0.00354, 0.00354, -0.99999], [-0.70711, -0.70711, -0.0]]
inst 807 cirpattern1_1.stl center [-165.939, 22.368, 17.987] origin [-169.137, 22.352, 28.25] axes [[-0.7071, 0.7071, 0.00501], [-0.00354, 0.00354, -0.99999], [-0.70711, -0.70711, -0.0]]
inst 808 cirpattern1_2.stl center [-171.075, 22.342, 17.676] origin [-169.137, 22.352, 28.25] axes [[-0.7071, 0.7071, 0.00501], [-0.00354, 0.00354, -0.99999], [-0.70711, -0.70711, -0.0]]
inst 809 cirpattern1_4.stl center [-178.94, 22.303, 23.838] origin [-169.137, 22.352, 28.25] axes [[-0.7071, 0.7071, 0.00501], [-0.00354, 0.00354, -0.99999], [-0.70711, -0.70711, -0.0]]
inst 810 revolve3_2.stl center [-169.147, 24.316, 28.25] origin [-169.137, 22.352, 28.25] axes [[-0.7071, 0.7071, 0.00501], [-0.00354, 0.00354, -0.99999], [-0.70711, -0.70711, -0.0]]
inst 811 mirror1.stl center [-169.148, 24.556, 28.25] origin [-169.137, 22.352, 28.25] axes [[-0.7071, 0.7071, 0.00501], [-0.00354, 0.00354, -0.99999], [-0.70711, -0.70711, -0.0]]
inst 812 cirpattern1_10.stl center [-160.675, 22.394, 34.88] origin [-169.137, 22.352, 28.25] axes [[-0.7071, 0.7071, 0.00501], [-0.00354, 0.00354, -0.99999], [-0.70711, -0.70711, -0.0]]
inst 838 revolve1_1.stl center [-120.026, 0.097, 5.75] origin [-120.026, 0.097, 5.75] axes [[0.96688, -0.25522, -0.0], [0.25522, 0.96688, 0.0], [0.0, -0.0, 1.0]]
inst 839 cirpattern1_7.stl center [-119.85, -10.651, 5.75] origin [-120.026, 0.097, 5.75] axes [[0.96688, -0.25522, -0.0], [0.25522, 0.96688, 0.0], [0.0, -0.0, 1.0]]
inst 840 revolve3_1.stl center [-120.026, 0.097, 7.715] origin [-120.026, 0.097, 5.75] axes [[0.96688, -0.25522, -0.0], [0.25522, 0.96688, 0.0], [0.0, -0.0, 1.0]]
inst 841 cirpattern1_8.stl center [-124.865, -9.502, 5.75] origin [-120.026, 0.097, 5.75] axes [[0.96688, -0.25522, -0.0], [0.25522, 0.96688, 0.0], [0.0, -0.0, 1.0]]
inst 842 cirpattern1_11.stl center [-130.139, 3.744, 5.75] origin [-120.026, 0.097, 5.75] axes [[0.96688, -0.25522, -0.0], [0.25522, 0.96688, 0.0], [0.0, -0.0, 1.0]]
inst 843 cirpattern2.stl center [-120.026, 0.097, 7.954] origin [-120.026, 0.097, 5.75] axes [[0.96688, -0.25522, -0.0], [0.25522, 0.96688, 0.0], [0.0, -0.0, 1.0]]
inst 844 cirpattern1_9.stl center [-128.772, -6.154, 5.75] origin [-120.026, 0.097, 5.75] axes [[0.96688, -0.25522, -0.0], [0.25522, 0.96688, 0.0], [0.0, -0.0, 1.0]]
inst 845 cirpattern1_3.stl center [-110.038, 4.074, 5.75] origin [-120.026, 0.097, 5.75] axes [[0.96688, -0.25522, -0.0], [0.25522, 0.96688, 0.0], [0.0, -0.0, 1.0]]
inst 846 cirpattern1_6.stl center [-114.875, -9.338, 5.75] origin [-120.026, 0.097, 5.75] axes [[0.96688, -0.25522, -0.0], [0.25522, 0.96688, 0.0], [0.0, -0.0, 1.0]]
inst 847 cirpattern1_5.stl center [-111.08, -5.864, 5.75] origin [-120.026, 0.097, 5.75] axes [[0.96688, -0.25522, -0.0], [0.25522, 0.96688, 0.0], [0.0, -0.0, 1.0]]
inst 848 revolve1_2.stl center [-120.026, 0.097, 5.75] origin [-120.026, 0.097, 5.75] axes [[0.96688, -0.25522, -0.0], [0.25522, 0.96688, 0.0], [0.0, -0.0, 1.0]]
inst 849 revolve2.stl center [-122.77, 10.491, 5.75] origin [-120.026, 0.097, 5.75] axes [[0.96688, -0.25522, -0.0], [0.25522, 0.96688, 0.0], [0.0, -0.0, 1.0]]
inst 850 cirpattern1_12.stl center [-127.286, 8.026, 5.75] origin [-120.026, 0.097, 5.75] axes [[0.96688, -0.25522, -0.0], [0.25522, 0.96688, 0.0], [0.0, -0.0, 1.0]]
inst 851 cirpattern1_1.stl center [-117.625, 10.576, 5.75] origin [-120.026, 0.097, 5.75] axes [[0.96688, -0.25522, -0.0], [0.25522, 0.96688, 0.0], [0.0, -0.0, 1.0]]
inst 852 cirpattern1_2.stl center [-113.03, 8.26, 5.75] origin [-120.026, 0.097, 5.75] axes [[0.96688, -0.25522, -0.0], [0.25522, 0.96688, 0.0], [0.0, -0.0, 1.0]]
inst 853 cirpattern1_4.stl center [-109.335, -1.023, 5.75] origin [-120.026, 0.097, 5.75] axes [[0.96688, -0.25522, -0.0], [0.25522, 0.96688, 0.0], [0.0, -0.0, 1.0]]
inst 854 revolve3_2.stl center [-120.026, 0.097, 3.785] origin [-120.026, 0.097, 5.75] axes [[0.96688, -0.25522, -0.0], [0.25522, 0.96688, 0.0], [0.0, -0.0, 1.0]]
inst 855 mirror1.stl center [-120.026, 0.097, 3.546] origin [-120.026, 0.097, 5.75] axes [[0.96688, -0.25522, -0.0], [0.25522, 0.96688, 0.0], [0.0, -0.0, 1.0]]
inst 856 cirpattern1_10.stl center [-130.675, -1.374, 5.75] origin [-120.026, 0.097, 5.75] axes [[0.96688, -0.25522, -0.0], [0.25522, 0.96688, 0.0], [0.0, -0.0, 1.0]]
inst 885 revolve1_1.stl center [225.918, -22.879, 74.6] origin [225.918, -22.879, 74.6] axes [[0.10289, 0.99468, 0.0045], [-0.00046, -0.00447, 0.99999], [0.99469, -0.10289, -0.0]]
inst 886 cirpattern1_7.stl center [215.271, -22.831, 73.115] origin [225.918, -22.879, 74.6] axes [[0.10289, 0.99468, 0.0045], [-0.00046, -0.00447, 0.99999], [0.99469, -0.10289, -0.0]]
inst 887 revolve3_1.stl center [225.927, -20.915, 74.6] origin [225.918, -22.879, 74.6] axes [[0.10289, 0.99468, 0.0045], [-0.00046, -0.00447, 0.99999], [0.99469, -0.10289, -0.0]]
inst 888 cirpattern1_8.stl center [217.181, -22.84, 68.337] origin [225.918, -22.879, 74.6] axes [[0.10289, 0.99468, 0.0045], [-0.00046, -0.00447, 0.99999], [0.99469, -0.10289, -0.0]]
inst 889 cirpattern1_11.stl center [231.082, -22.902, 65.172] origin [225.918, -22.879, 74.6] axes [[0.10289, 0.99468, 0.0045], [-0.00046, -0.00447, 0.99999], [0.99469, -0.10289, -0.0]]
inst 890 cirpattern2.stl center [225.928, -20.675, 74.6] origin [225.918, -22.879, 74.6] axes [[0.10289, 0.99468, 0.0045], [-0.00046, -0.00447, 0.99999], [0.99469, -0.10289, -0.0]]
inst 891 cirpattern1_9.stl center [221.092, -22.858, 64.994] origin [225.918, -22.879, 74.6] axes [[0.10289, 0.99468, 0.0045], [-0.00046, -0.00447, 0.99999], [0.99469, -0.10289, -0.0]]
inst 892 cirpattern1_3.stl center [228.305, -22.89, 85.082] origin [225.918, -22.879, 74.6] axes [[0.10289, 0.99468, 0.0045], [-0.00046, -0.00447, 0.99999], [0.99469, -0.10289, -0.0]]
inst 893 cirpattern1_6.stl center [215.801, -22.834, 78.233] origin [225.918, -22.879, 74.6] axes [[0.10289, 0.99468, 0.0045], [-0.00046, -0.00447, 0.99999], [0.99469, -0.10289, -0.0]]
inst 894 cirpattern1_5.stl center [218.648, -22.847, 82.519] origin [225.918, -22.879, 74.6] axes [[0.10289, 0.99468, 0.0045], [-0.00046, -0.00447, 0.99999], [0.99469, -0.10289, -0.0]]
inst 895 revolve1_2.stl center [225.918, -22.879, 74.6] origin [225.918, -22.879, 74.6] axes [[0.10289, 0.99468, 0.0045], [-0.00046, -0.00447, 0.99999], [0.99469, -0.10289, -0.0]]
inst 896 revolve2.stl center [236.611, -22.927, 73.494] origin [225.918, -22.879, 74.6] axes [[0.10289, 0.99468, 0.0045], [-0.00046, -0.00447, 0.99999], [0.99469, -0.10289, -0.0]]
inst 897 cirpattern1_12.stl center [234.872, -22.919, 68.652] origin [225.918, -22.879, 74.6] axes [[0.10289, 0.99468, 0.0045], [-0.00046, -0.00447, 0.99999], [0.99469, -0.10289, -0.0]]
inst 898 cirpattern1_1.stl center [235.9, -22.924, 78.59] origin [225.918, -22.879, 74.6] axes [[0.10289, 0.99468, 0.0045], [-0.00046, -0.00447, 0.99999], [0.99469, -0.10289, -0.0]]
inst 899 cirpattern1_2.stl center [232.903, -22.911, 82.772] origin [225.918, -22.879, 74.6] axes [[0.10289, 0.99468, 0.0045], [-0.00046, -0.00447, 0.99999], [0.99469, -0.10289, -0.0]]
inst 900 cirpattern1_4.stl center [223.16, -22.867, 84.991] origin [225.918, -22.879, 74.6] axes [[0.10289, 0.99468, 0.0045], [-0.00046, -0.00447, 0.99999], [0.99469, -0.10289, -0.0]]
inst 901 revolve3_2.stl center [225.909, -24.844, 74.6] origin [225.918, -22.879, 74.6] axes [[0.10289, 0.99468, 0.0045], [-0.00046, -0.00447, 0.99999], [0.99469, -0.10289, -0.0]]
inst 902 mirror1.stl center [225.908, -25.083, 74.6] origin [225.918, -22.879, 74.6] axes [[0.10289, 0.99468, 0.0045], [-0.00046, -0.00447, 0.99999], [0.99469, -0.10289, -0.0]]
inst 903 cirpattern1_10.stl center [226.109, -22.88, 63.852] origin [225.918, -22.879, 74.6] axes [[0.10289, 0.99468, 0.0045], [-0.00046, -0.00447, 0.99999], [0.99469, -0.10289, -0.0]]
inst 930 revolve1_1.stl center [168.873, -22.623, 28.25] origin [168.873, -22.623, 28.25] axes [[0.7071, -0.7071, 0.00449], [-0.00318, 0.00317, 0.99999], [-0.70711, -0.70711, -0.0]]
inst 931 cirpattern1_7.stl center [174.434, -22.648, 37.45] origin [168.873, -22.623, 28.25] axes [[0.7071, -0.7071, 0.00449], [-0.00318, 0.00317, 0.99999], [-0.70711, -0.70711, -0.0]]
inst 932 revolve3_1.stl center [168.882, -20.658, 28.25] origin [168.873, -22.623, 28.25] axes [[0.7071, -0.7071, 0.00449], [-0.00318, 0.00317, 0.99999], [-0.70711, -0.70711, -0.0]]
inst 933 cirpattern1_8.stl center [169.522, -22.626, 38.98] origin [168.873, -22.623, 28.25] axes [[0.7071, -0.7071, 0.00449], [-0.00318, 0.00317, 0.99999], [-0.70711, -0.70711, -0.0]]
inst 934 cirpattern1_11.stl center [158.299, -22.575, 30.188] origin [168.873, -22.623, 28.25] axes [[0.7071, -0.7071, 0.00449], [-0.00318, 0.00317, 0.99999], [-0.70711, -0.70711, -0.0]]
inst 935 cirpattern2.stl center [168.883, -20.419, 28.25] origin [168.873, -22.623, 28.25] axes [[0.7071, -0.7071, 0.00449], [-0.00318, 0.00317, 0.99999], [-0.70711, -0.70711, -0.0]]
inst 936 cirpattern1_9.stl center [164.461, -22.603, 38.053] origin [168.873, -22.623, 28.25] axes [[0.7071, -0.7071, 0.00449], [-0.00318, 0.00317, 0.99999], [-0.70711, -0.70711, -0.0]]
inst 937 cirpattern1_3.stl center [175.503, -22.653, 19.788] origin [168.873, -22.623, 28.25] axes [[0.7071, -0.7071, 0.00449], [-0.00318, 0.00317, 0.99999], [-0.70711, -0.70711, -0.0]]
inst 938 cirpattern1_6.stl center [178.073, -22.664, 33.811] origin [168.873, -22.623, 28.25] axes [[0.7071, -0.7071, 0.00449], [-0.00318, 0.00317, 0.99999], [-0.70711, -0.70711, -0.0]]
inst 939 cirpattern1_5.stl center [179.603, -22.671, 28.899] origin [168.873, -22.623, 28.25] axes [[0.7071, -0.7071, 0.00449], [-0.00318, 0.00317, 0.99999], [-0.70711, -0.70711, -0.0]]
inst 940 revolve1_2.stl center [168.873, -22.623, 28.25] origin [168.873, -22.623, 28.25] axes [[0.7071, -0.7071, 0.00449], [-0.00318, 0.00317, 0.99999], [-0.70711, -0.70711, -0.0]]
inst 941 revolve2.stl center [161.272, -22.589, 20.649] origin [168.873, -22.623, 28.25] axes [[0.7071, -0.7071, 0.00449], [-0.00318, 0.00317, 0.99999], [-0.70711, -0.70711, -0.0]]
inst 942 cirpattern1_12.stl center [158.61, -22.577, 25.052] origin [168.873, -22.623, 28.25] axes [[0.7071, -0.7071, 0.00449], [-0.00318, 0.00317, 0.99999], [-0.70711, -0.70711, -0.0]]
inst 943 cirpattern1_1.stl center [165.675, -22.608, 17.987] origin [168.873, -22.623, 28.25] axes [[0.7071, -0.7071, 0.00449], [-0.00318, 0.00317, 0.99999], [-0.70711, -0.70711, -0.0]]
inst 944 cirpattern1_2.stl center [170.811, -22.632, 17.676] origin [168.873, -22.623, 28.25] axes [[0.7071, -0.7071, 0.00449], [-0.00318, 0.00317, 0.99999], [-0.70711, -0.70711, -0.0]]
inst 945 cirpattern1_4.stl center [178.676, -22.667, 23.838] origin [168.873, -22.623, 28.25] axes [[0.7071, -0.7071, 0.00449], [-0.00318, 0.00317, 0.99999], [-0.70711, -0.70711, -0.0]]
inst 946 revolve3_2.stl center [168.864, -24.587, 28.25] origin [168.873, -22.623, 28.25] axes [[0.7071, -0.7071, 0.00449], [-0.00318, 0.00317, 0.99999], [-0.70711, -0.70711, -0.0]]
inst 947 mirror1.stl center [168.863, -24.827, 28.25] origin [168.873, -22.623, 28.25] axes [[0.7071, -0.7071, 0.00449], [-0.00318, 0.00317, 0.99999], [-0.70711, -0.70711, -0.0]]
inst 948 cirpattern1_10.stl center [160.411, -22.585, 34.88] origin [168.873, -22.623, 28.25] axes [[0.7071, -0.7071, 0.00449], [-0.00318, 0.00317, 0.99999], [-0.70711, -0.70711, -0.0]]
inst 974 revolve1_1.stl center [119.974, 0.097, 5.75] origin [119.974, 0.097, 5.75] axes [[-0.96926, 0.24603, 0.0], [-0.24603, -0.96926, 0.0], [0.0, -0.0, 1.0]]
inst 975 cirpattern1_7.stl center [119.9, 10.847, 5.75] origin [119.974, 0.097, 5.75] axes [[-0.96926, 0.24603, 0.0], [-0.24603, -0.96926, 0.0], [0.0, -0.0, 1.0]]
inst 976 revolve3_1.stl center [119.974, 0.097, 7.715] origin [119.974, 0.097, 5.75] axes [[-0.96926, 0.24603, 0.0], [-0.24603, -0.96926, 0.0], [0.0, -0.0, 1.0]]
inst 977 cirpattern1_8.stl center [124.904, 9.65, 5.75] origin [119.974, 0.097, 5.75] axes [[-0.96926, 0.24603, 0.0], [-0.24603, -0.96926, 0.0], [0.0, -0.0, 1.0]]
inst 978 cirpattern1_11.stl center [130.052, -3.645, 5.75] origin [119.974, 0.097, 5.75] axes [[-0.96926, 0.24603, 0.0], [-0.24603, -0.96926, 0.0], [0.0, -0.0, 1.0]]
inst 979 cirpattern2.stl center [119.974, 0.097, 7.954] origin [119.974, 0.097, 5.75] axes [[-0.96926, 0.24603, 0.0], [-0.24603, -0.96926, 0.0], [0.0, -0.0, 1.0]]
inst 980 cirpattern1_9.stl center [128.779, 6.265, 5.75] origin [119.974, 0.097, 5.75] axes [[-0.96926, 0.24603, 0.0], [-0.24603, -0.96926, 0.0], [0.0, -0.0, 1.0]]
inst 981 cirpattern1_3.stl center [109.949, -3.784, 5.75] origin [119.974, 0.097, 5.75] axes [[-0.96926, 0.24603, 0.0], [-0.24603, -0.96926, 0.0], [0.0, -0.0, 1.0]]
inst 982 cirpattern1_6.stl center [114.912, 9.581, 5.75] origin [119.974, 0.097, 5.75] axes [[-0.96926, 0.24603, 0.0], [-0.24603, -0.96926, 0.0], [0.0, -0.0, 1.0]]
inst 983 cirpattern1_5.stl center [111.085, 6.142, 5.75] origin [119.974, 0.097, 5.75] axes [[-0.96926, 0.24603, 0.0], [-0.24603, -0.96926, 0.0], [0.0, -0.0, 1.0]]
inst 984 revolve1_2.stl center [119.974, 0.097, 5.75] origin [119.974, 0.097, 5.75] axes [[-0.96926, 0.24603, 0.0], [-0.24603, -0.96926, 0.0], [0.0, -0.0, 1.0]]
inst 985 revolve2.stl center [122.619, -10.322, 5.75] origin [119.974, 0.097, 5.75] axes [[-0.96926, 0.24603, 0.0], [-0.24603, -0.96926, 0.0], [0.0, -0.0, 1.0]]
inst 986 cirpattern1_12.stl center [127.158, -7.9, 5.75] origin [119.974, 0.097, 5.75] axes [[-0.96926, 0.24603, 0.0], [-0.24603, -0.96926, 0.0], [0.0, -0.0, 1.0]]
inst 987 cirpattern1_1.stl center [117.474, -10.358, 5.75] origin [119.974, 0.097, 5.75] axes [[-0.96926, 0.24603, 0.0], [-0.24603, -0.96926, 0.0], [0.0, -0.0, 1.0]]
inst 988 cirpattern1_2.stl center [112.901, -7.999, 5.75] origin [119.974, 0.097, 5.75] axes [[-0.96926, 0.24603, 0.0], [-0.24603, -0.96926, 0.0], [0.0, -0.0, 1.0]]
inst 989 cirpattern1_4.stl center [109.294, 1.319, 5.75] origin [119.974, 0.097, 5.75] axes [[-0.96926, 0.24603, 0.0], [-0.24603, -0.96926, 0.0], [0.0, -0.0, 1.0]]
inst 990 revolve3_2.stl center [119.974, 0.097, 3.785] origin [119.974, 0.097, 5.75] axes [[-0.96926, 0.24603, 0.0], [-0.24603, -0.96926, 0.0], [0.0, -0.0, 1.0]]
inst 991 mirror1.stl center [119.974, 0.097, 3.546] origin [119.974, 0.097, 5.75] axes [[-0.96926, 0.24603, 0.0], [-0.24603, -0.96926, 0.0], [0.0, -0.0, 1.0]]
inst 992 cirpattern1_10.stl center [130.636, 1.467, 5.75] origin [119.974, 0.097, 5.75] axes [[-0.96926, 0.24603, 0.0], [-0.24603, -0.96926, 0.0], [0.0, -0.0, 1.0]]
inst 1021 revolve1_1.stl center [-162.804, 287.883, 52.049] origin [-162.804, 287.883, 52.049] axes [[-0.35631, -0.72707, -0.58686], [0.25825, 0.52698, -0.80969], [0.89797, -0.44006, -0.0]]
inst 1022 cirpattern1_7.stl center [-154.298, 281.718, 54.332] origin [-162.804, 287.883, 52.049] axes [[-0.35631, -0.72707, -0.58686], [0.25825, 0.52698, -0.80969], [0.89797, -0.44006, -0.0]]
inst 1023 revolve3_1.stl center [-163.957, 286.292, 52.049] origin [-162.804, 287.883, 52.049] axes [[-0.35631, -0.72707, -0.58686], [0.25825, 0.52698, -0.80969], [0.89797, -0.44006, -0.0]]
inst 1024 cirpattern1_8.stl center [-154.414, 281.802, 49.189] origin [-162.804, 287.883, 52.049] axes [[-0.35631, -0.72707, -0.58686], [0.25825, 0.52698, -0.80969], [0.89797, -0.44006, -0.0]]
inst 1025 cirpattern1_11.stl center [-164.092, 288.816, 41.417] origin [-162.804, 287.883, 52.049] axes [[-0.35631, -0.72707, -0.58686], [0.25825, 0.52698, -0.80969], [0.89797, -0.44006, -0.0]]
inst 1026 cirpattern2.stl center [-164.098, 286.098, 52.049] origin [-162.804, 287.883, 52.049] axes [[-0.35631, -0.72707, -0.58686], [0.25825, 0.52698, -0.80969], [0.89797, -0.44006, -0.0]]
inst 1027 cirpattern1_9.stl center [-156.451, 283.278, 44.701] origin [-162.804, 287.883, 52.049] axes [[-0.35631, -0.72707, -0.58686], [0.25825, 0.52698, -0.80969], [0.89797, -0.44006, -0.0]]
inst 1028 cirpattern1_3.stl center [-167.549, 291.322, 61.061] origin [-162.804, 287.883, 52.049] axes [[-0.35631, -0.72707, -0.58686], [0.25825, 0.52698, -0.80969], [0.89797, -0.44006, -0.0]]
inst 1029 cirpattern1_6.stl center [-156.132, 283.047, 58.952] origin [-162.804, 287.883, 52.049] axes [[-0.35631, -0.72707, -0.58686], [0.25825, 0.52698, -0.80969], [0.89797, -0.44006, -0.0]]
inst 1030 cirpattern1_5.stl center [-159.494, 285.484, 61.991] origin [-162.804, 287.883, 52.049] axes [[-0.35631, -0.72707, -0.58686], [0.25825, 0.52698, -0.80969], [0.89797, -0.44006, -0.0]]
inst 1031 revolve1_2.stl center [-162.804, 287.883, 52.049] origin [-162.804, 287.883, 52.049] axes [[-0.35631, -0.72707, -0.58686], [0.25825, 0.52698, -0.80969], [0.89797, -0.44006, -0.0]]
inst 1032 revolve2.stl center [-170.62, 293.548, 47.318] origin [-162.804, 287.883, 52.049] axes [[-0.35631, -0.72707, -0.58686], [0.25825, 0.52698, -0.80969], [0.89797, -0.44006, -0.0]]
inst 1033 cirpattern1_12.stl center [-167.945, 291.609, 43.374] origin [-162.804, 287.883, 52.049] axes [[-0.35631, -0.72707, -0.58686], [0.25825, 0.52698, -0.80969], [0.89797, -0.44006, -0.0]]
inst 1034 cirpattern1_1.stl center [-171.505, 294.189, 52.346] origin [-162.804, 287.883, 52.049] axes [[-0.35631, -0.72707, -0.58686], [0.25825, 0.52698, -0.80969], [0.89797, -0.44006, -0.0]]
inst 1035 cirpattern1_2.stl center [-170.396, 293.386, 57.306] origin [-162.804, 287.883, 52.049] axes [[-0.35631, -0.72707, -0.58686], [0.25825, 0.52698, -0.80969], [0.89797, -0.44006, -0.0]]
inst 1036 cirpattern1_4.stl center [-163.614, 288.47, 62.752] origin [-162.804, 287.883, 52.049] axes [[-0.35631, -0.72707, -0.58686], [0.25825, 0.52698, -0.80969], [0.89797, -0.44006, -0.0]]
inst 1037 revolve3_2.stl center [-161.651, 289.474, 52.049] origin [-162.804, 287.883, 52.049] axes [[-0.35631, -0.72707, -0.58686], [0.25825, 0.52698, -0.80969], [0.89797, -0.44006, -0.0]]
inst 1038 mirror1.stl center [-161.51, 289.668, 52.049] origin [-162.804, 287.883, 52.049] axes [[-0.35631, -0.72707, -0.58686], [0.25825, 0.52698, -0.80969], [0.89797, -0.44006, -0.0]]
inst 1039 cirpattern1_10.stl center [-159.944, 285.81, 41.896] origin [-162.804, 287.883, 52.049] axes [[-0.35631, -0.72707, -0.58686], [0.25825, 0.52698, -0.80969], [0.89797, -0.44006, -0.0]]
inst 1066 revolve1_1.stl center [-106.496, 247.071, 28.25] origin [-106.496, 247.071, 28.25] axes [[-0.57254, 0.57254, -0.58686], [0.41497, -0.41497, -0.80969], [-0.70711, -0.70711, -0.0]]
inst 1067 cirpattern1_7.stl center [-110.999, 250.335, 37.45] origin [-106.496, 247.071, 28.25] axes [[-0.57254, 0.57254, -0.58686], [0.41497, -0.41497, -0.80969], [-0.70711, -0.70711, -0.0]]
inst 1068 revolve3_1.stl center [-107.649, 245.48, 28.25] origin [-106.496, 247.071, 28.25] axes [[-0.57254, 0.57254, -0.58686], [0.41497, -0.41497, -0.80969], [-0.70711, -0.70711, -0.0]]
inst 1069 cirpattern1_8.stl center [-107.022, 247.452, 38.98] origin [-106.496, 247.071, 28.25] axes [[-0.57254, 0.57254, -0.58686], [0.41497, -0.41497, -0.80969], [-0.70711, -0.70711, -0.0]]
inst 1070 cirpattern1_11.stl center [-97.934, 240.866, 30.188] origin [-106.496, 247.071, 28.25] axes [[-0.57254, 0.57254, -0.58686], [0.41497, -0.41497, -0.80969], [-0.70711, -0.70711, -0.0]]
inst 1071 cirpattern2.stl center [-107.789, 245.286, 28.25] origin [-106.496, 247.071, 28.25] axes [[-0.57254, 0.57254, -0.58686], [0.41497, -0.41497, -0.80969], [-0.70711, -0.70711, -0.0]]
inst 1072 cirpattern1_9.stl center [-102.924, 244.482, 38.053] origin [-106.496, 247.071, 28.25] axes [[-0.57254, 0.57254, -0.58686], [0.41497, -0.41497, -0.80969], [-0.70711, -0.70711, -0.0]]
inst 1073 cirpattern1_3.stl center [-111.864, 250.962, 19.788] origin [-106.496, 247.071, 28.25] axes [[-0.57254, 0.57254, -0.58686], [0.41497, -0.41497, -0.80969], [-0.70711, -0.70711, -0.0]]
inst 1074 cirpattern1_6.stl center [-113.945, 252.47, 33.811] origin [-106.496, 247.071, 28.25] axes [[-0.57254, 0.57254, -0.58686], [0.41497, -0.41497, -0.80969], [-0.70711, -0.70711, -0.0]]
inst 1075 cirpattern1_5.stl center [-115.184, 253.368, 28.899] origin [-106.496, 247.071, 28.25] axes [[-0.57254, 0.57254, -0.58686], [0.41497, -0.41497, -0.80969], [-0.70711, -0.70711, -0.0]]
inst 1076 revolve1_2.stl center [-106.496, 247.071, 28.25] origin [-106.496, 247.071, 28.25] axes [[-0.57254, 0.57254, -0.58686], [0.41497, -0.41497, -0.80969], [-0.70711, -0.70711, -0.0]]
inst 1077 revolve2.stl center [-100.341, 242.61, 20.649] origin [-106.496, 247.071, 28.25] axes [[-0.57254, 0.57254, -0.58686], [0.41497, -0.41497, -0.80969], [-0.70711, -0.70711, -0.0]]
inst 1078 cirpattern1_12.stl center [-98.186, 241.048, 25.052] origin [-106.496, 247.071, 28.25] axes [[-0.57254, 0.57254, -0.58686], [0.41497, -0.41497, -0.80969], [-0.70711, -0.70711, -0.0]]
inst 1079 cirpattern1_1.stl center [-103.906, 245.194, 17.987] origin [-106.496, 247.071, 28.25] axes [[-0.57254, 0.57254, -0.58686], [0.41497, -0.41497, -0.80969], [-0.70711, -0.70711, -0.0]]
inst 1080 cirpattern1_2.stl center [-108.065, 248.208, 17.676] origin [-106.496, 247.071, 28.25] axes [[-0.57254, 0.57254, -0.58686], [0.41497, -0.41497, -0.80969], [-0.70711, -0.70711, -0.0]]
inst 1081 cirpattern1_4.stl center [-114.433, 252.824, 23.838] origin [-106.496, 247.071, 28.25] axes [[-0.57254, 0.57254, -0.58686], [0.41497, -0.41497, -0.80969], [-0.70711, -0.70711, -0.0]]
inst 1082 revolve3_2.stl center [-105.343, 248.662, 28.25] origin [-106.496, 247.071, 28.25] axes [[-0.57254, 0.57254, -0.58686], [0.41497, -0.41497, -0.80969], [-0.70711, -0.70711, -0.0]]
inst 1083 mirror1.stl center [-105.203, 248.856, 28.25] origin [-106.496, 247.071, 28.25] axes [[-0.57254, 0.57254, -0.58686], [0.41497, -0.41497, -0.80969], [-0.70711, -0.70711, -0.0]]
inst 1084 cirpattern1_10.stl center [-99.644, 242.105, 34.88] origin [-106.496, 247.071, 28.25] axes [[-0.57254, 0.57254, -0.58686], [0.41497, -0.41497, -0.80969], [-0.70711, -0.70711, -0.0]]
inst 1110 revolve1_1.stl center [-80.026, 200.097, 5.75] origin [-80.026, 200.097, 5.75] axes [[0.93084, 0.36544, 0.0], [-0.36544, 0.93084, 0.0], [0.0, -0.0, 1.0]]
inst 1111 cirpattern1_7.stl center [-86.235, 191.321, 5.75] origin [-80.026, 200.097, 5.75] axes [[0.93084, 0.36544, 0.0], [-0.36544, 0.93084, 0.0], [0.0, -0.0, 1.0]]
inst 1112 revolve3_1.stl center [-80.026, 200.097, 7.715] origin [-80.026, 200.097, 5.75] axes [[0.93084, 0.36544, 0.0], [-0.36544, 0.93084, 0.0], [0.0, -0.0, 1.0]]
inst 1113 cirpattern1_8.stl center [-89.602, 195.212, 5.75] origin [-80.026, 200.097, 5.75] axes [[0.93084, 0.36544, 0.0], [-0.36544, 0.93084, 0.0], [0.0, -0.0, 1.0]]
inst 1114 cirpattern1_11.stl center [-86.029, 209.014, 5.75] origin [-80.026, 200.097, 5.75] axes [[0.93084, 0.36544, 0.0], [-0.36544, 0.93084, 0.0], [0.0, -0.0, 1.0]]
inst 1115 cirpattern2.stl center [-80.025, 200.097, 7.954] origin [-80.026, 200.097, 5.75] axes [[0.93084, 0.36544, 0.0], [-0.36544, 0.93084, 0.0], [0.0, -0.0, 1.0]]
inst 1116 cirpattern1_9.stl center [-90.775, 200.222, 5.75] origin [-80.026, 200.097, 5.75] axes [[0.93084, 0.36544, 0.0], [-0.36544, 0.93084, 0.0], [0.0, -0.0, 1.0]]
inst 1117 cirpattern1_3.stl center [-69.618, 197.403, 5.75] origin [-80.026, 200.097, 5.75] axes [[0.93084, 0.36544, 0.0], [-0.36544, 0.93084, 0.0], [0.0, -0.0, 1.0]]
inst 1118 cirpattern1_6.stl center [-81.445, 189.441, 5.75] origin [-80.026, 200.097, 5.75] axes [[0.93084, 0.36544, 0.0], [-0.36544, 0.93084, 0.0], [0.0, -0.0, 1.0]]
inst 1119 cirpattern1_5.stl center [-76.33, 190.002, 5.75] origin [-80.026, 200.097, 5.75] axes [[0.93084, 0.36544, 0.0], [-0.36544, 0.93084, 0.0], [0.0, -0.0, 1.0]]
inst 1120 revolve1_2.stl center [-80.026, 200.097, 5.75] origin [-80.026, 200.097, 5.75] axes [[0.93084, 0.36544, 0.0], [-0.36544, 0.93084, 0.0], [0.0, -0.0, 1.0]]
inst 1121 revolve2.stl center [-76.097, 210.103, 5.75] origin [-80.026, 200.097, 5.75] axes [[0.93084, 0.36544, 0.0], [-0.36544, 0.93084, 0.0], [0.0, -0.0, 1.0]]
inst 1122 cirpattern1_12.stl center [-81.197, 210.783, 5.75] origin [-80.026, 200.097, 5.75] axes [[0.93084, 0.36544, 0.0], [-0.36544, 0.93084, 0.0], [0.0, -0.0, 1.0]]
inst 1123 cirpattern1_1.stl center [-71.897, 207.132, 5.75] origin [-80.026, 200.097, 5.75] axes [[0.93084, 0.36544, 0.0], [-0.36544, 0.93084, 0.0], [0.0, -0.0, 1.0]]
inst 1124 cirpattern1_2.stl center [-69.559, 202.548, 5.75] origin [-80.026, 200.097, 5.75] axes [[0.93084, 0.36544, 0.0], [-0.36544, 0.93084, 0.0], [0.0, -0.0, 1.0]]
inst 1125 cirpattern1_4.stl center [-72.062, 192.875, 5.75] origin [-80.026, 200.097, 5.75] axes [[0.93084, 0.36544, 0.0], [-0.36544, 0.93084, 0.0], [0.0, -0.0, 1.0]]
inst 1126 revolve3_2.stl center [-80.026, 200.097, 3.785] origin [-80.026, 200.097, 5.75] axes [[0.93084, 0.36544, 0.0], [-0.36544, 0.93084, 0.0], [0.0, -0.0, 1.0]]
inst 1127 mirror1.stl center [-80.025, 200.097, 3.546] origin [-80.026, 200.097, 5.75] axes [[0.93084, 0.36544, 0.0], [-0.36544, 0.93084, 0.0], [0.0, -0.0, 1.0]]
inst 1128 cirpattern1_10.stl center [-89.486, 205.203, 5.75] origin [-80.026, 200.097, 5.75] axes [[0.93084, 0.36544, 0.0], [-0.36544, 0.93084, 0.0], [0.0, -0.0, 1.0]]
inst 1157 revolve1_1.stl center [-173.748, -254.382, 74.6] origin [-173.748, -254.382, 74.6] axes [[-0.07629, -0.73749, 0.67104], [-0.06905, -0.66748, -0.74142], [0.99469, -0.10289, -0.0]]
inst 1158 cirpattern1_7.stl center [-165.854, -247.237, 73.115] origin [-173.748, -254.382, 74.6] axes [[-0.07629, -0.73749, 0.67104], [-0.06905, -0.66748, -0.74142], [0.99469, -0.10289, -0.0]]
inst 1159 revolve3_1.stl center [-172.43, -255.839, 74.6] origin [-173.748, -254.382, 74.6] axes [[-0.07629, -0.73749, 0.67104], [-0.06905, -0.66748, -0.74142], [0.99469, -0.10289, -0.0]]
inst 1160 cirpattern1_8.stl center [-167.27, -248.519, 68.337] origin [-173.748, -254.382, 74.6] axes [[-0.07629, -0.73749, 0.67104], [-0.06905, -0.66748, -0.74142], [0.99469, -0.10289, -0.0]]
inst 1161 cirpattern1_11.stl center [-177.577, -257.847, 65.172] origin [-173.748, -254.382, 74.6] axes [[-0.07629, -0.73749, 0.67104], [-0.06905, -0.66748, -0.74142], [0.99469, -0.10289, -0.0]]
inst 1162 cirpattern2.stl center [-172.269, -256.016, 74.6] origin [-173.748, -254.382, 74.6] axes [[-0.07629, -0.73749, 0.67104], [-0.06905, -0.66748, -0.74142], [0.99469, -0.10289, -0.0]]
inst 1163 cirpattern1_9.stl center [-170.17, -251.144, 64.994] origin [-173.748, -254.382, 74.6] axes [[-0.07629, -0.73749, 0.67104], [-0.06905, -0.66748, -0.74142], [0.99469, -0.10289, -0.0]]
inst 1164 cirpattern1_3.stl center [-175.518, -255.984, 85.082] origin [-173.748, -254.382, 74.6] axes [[-0.07629, -0.73749, 0.67104], [-0.06905, -0.66748, -0.74142], [0.99469, -0.10289, -0.0]]
inst 1165 cirpattern1_6.stl center [-166.247, -247.593, 78.233] origin [-173.748, -254.382, 74.6] axes [[-0.07629, -0.73749, 0.67104], [-0.06905, -0.66748, -0.74142], [0.99469, -0.10289, -0.0]]
inst 1166 cirpattern1_5.stl center [-168.358, -249.503, 82.519] origin [-173.748, -254.382, 74.6] axes [[-0.07629, -0.73749, 0.67104], [-0.06905, -0.66748, -0.74142], [0.99469, -0.10289, -0.0]]
inst 1167 revolve1_2.stl center [-173.748, -254.382, 74.6] origin [-173.748, -254.382, 74.6] axes [[-0.07629, -0.73749, 0.67104], [-0.06905, -0.66748, -0.74142], [0.99469, -0.10289, -0.0]]
inst 1168 revolve2.stl center [-181.676, -261.557, 73.494] origin [-173.748, -254.382, 74.6] axes [[-0.07629, -0.73749, 0.67104], [-0.06905, -0.66748, -0.74142], [0.99469, -0.10289, -0.0]]
inst 1169 cirpattern1_12.stl center [-180.387, -260.391, 68.652] origin [-173.748, -254.382, 74.6] axes [[-0.07629, -0.73749, 0.67104], [-0.06905, -0.66748, -0.74142], [0.99469, -0.10289, -0.0]]
inst 1170 cirpattern1_1.stl center [-181.149, -261.08, 78.59] origin [-173.748, -254.382, 74.6] axes [[-0.07629, -0.73749, 0.67104], [-0.06905, -0.66748, -0.74142], [0.99469, -0.10289, -0.0]]
inst 1171 cirpattern1_2.stl center [-178.927, -259.069, 82.772] origin [-173.748, -254.382, 74.6] axes [[-0.07629, -0.73749, 0.67104], [-0.06905, -0.66748, -0.74142], [0.99469, -0.10289, -0.0]]
inst 1172 cirpattern1_4.stl center [-171.703, -252.532, 84.991] origin [-173.748, -254.382, 74.6] axes [[-0.07629, -0.73749, 0.67104], [-0.06905, -0.66748, -0.74142], [0.99469, -0.10289, -0.0]]
inst 1173 revolve3_2.stl center [-175.066, -252.925, 74.6] origin [-173.748, -254.382, 74.6] axes [[-0.07629, -0.73749, 0.67104], [-0.06905, -0.66748, -0.74142], [0.99469, -0.10289, -0.0]]
inst 1174 mirror1.stl center [-175.227, -252.748, 74.6] origin [-173.748, -254.382, 74.6] axes [[-0.07629, -0.73749, 0.67104], [-0.06905, -0.66748, -0.74142], [0.99469, -0.10289, -0.0]]
inst 1175 cirpattern1_10.stl center [-173.89, -254.51, 63.852] origin [-173.748, -254.382, 74.6] axes [[-0.07629, -0.73749, 0.67104], [-0.06905, -0.66748, -0.74142], [0.99469, -0.10289, -0.0]]
inst 1202 revolve1_1.stl center [-131.453, -216.102, 28.25] origin [-131.453, -216.102, 28.25] axes [[-0.52426, 0.52426, 0.67104], [-0.4745, 0.4745, -0.74142], [-0.70711, -0.70711, -0.0]]
inst 1203 cirpattern1_7.stl center [-135.576, -219.834, 37.45] origin [-131.453, -216.102, 28.25] axes [[-0.52426, 0.52426, 0.67104], [-0.4745, 0.4745, -0.74142], [-0.70711, -0.70711, -0.0]]
inst 1204 revolve3_1.stl center [-130.135, -217.559, 28.25] origin [-131.453, -216.102, 28.25] axes [[-0.52426, 0.52426, 0.67104], [-0.4745, 0.4745, -0.74142], [-0.70711, -0.70711, -0.0]]
inst 1205 cirpattern1_8.stl center [-131.934, -216.538, 38.98] origin [-131.453, -216.102, 28.25] axes [[-0.52426, 0.52426, 0.67104], [-0.4745, 0.4745, -0.74142], [-0.70711, -0.70711, -0.0]]
inst 1206 cirpattern1_11.stl center [-123.613, -209.006, 30.188] origin [-131.453, -216.102, 28.25] axes [[-0.52426, 0.52426, 0.67104], [-0.4745, 0.4745, -0.74142], [-0.70711, -0.70711, -0.0]]
inst 1207 cirpattern2.stl center [-129.974, -217.736, 28.25] origin [-131.453, -216.102, 28.25] axes [[-0.52426, 0.52426, 0.67104], [-0.4745, 0.4745, -0.74142], [-0.70711, -0.70711, -0.0]]
inst 1208 cirpattern1_9.stl center [-128.182, -213.141, 38.053] origin [-131.453, -216.102, 28.25] axes [[-0.52426, 0.52426, 0.67104], [-0.4745, 0.4745, -0.74142], [-0.70711, -0.70711, -0.0]]
inst 1209 cirpattern1_3.stl center [-136.368, -220.551, 19.788] origin [-131.453, -216.102, 28.25] axes [[-0.52426, 0.52426, 0.67104], [-0.4745, 0.4745, -0.74142], [-0.70711, -0.70711, -0.0]]
inst 1210 cirpattern1_6.stl center [-138.274, -222.275, 33.811] origin [-131.453, -216.102, 28.25] axes [[-0.52426, 0.52426, 0.67104], [-0.4745, 0.4745, -0.74142], [-0.70711, -0.70711, -0.0]]
inst 1211 cirpattern1_5.stl center [-139.409, -223.303, 28.899] origin [-131.453, -216.102, 28.25] axes [[-0.52426, 0.52426, 0.67104], [-0.4745, 0.4745, -0.74142], [-0.70711, -0.70711, -0.0]]
inst 1212 revolve1_2.stl center [-131.453, -216.102, 28.25] origin [-131.453, -216.102, 28.25] axes [[-0.52426, 0.52426, 0.67104], [-0.4745, 0.4745, -0.74142], [-0.70711, -0.70711, -0.0]]
inst 1213 revolve2.stl center [-125.817, -211.001, 20.649] origin [-131.453, -216.102, 28.25] axes [[-0.52426, 0.52426, 0.67104], [-0.4745, 0.4745, -0.74142], [-0.70711, -0.70711, -0.0]]
inst 1214 cirpattern1_12.stl center [-123.844, -209.215, 25.052] origin [-131.453, -216.102, 28.25] axes [[-0.52426, 0.52426, 0.67104], [-0.4745, 0.4745, -0.74142], [-0.70711, -0.70711, -0.0]]
inst 1215 cirpattern1_1.stl center [-129.082, -213.956, 17.987] origin [-131.453, -216.102, 28.25] axes [[-0.52426, 0.52426, 0.67104], [-0.4745, 0.4745, -0.74142], [-0.70711, -0.70711, -0.0]]
inst 1216 cirpattern1_2.stl center [-132.89, -217.402, 17.676] origin [-131.453, -216.102, 28.25] axes [[-0.52426, 0.52426, 0.67104], [-0.4745, 0.4745, -0.74142], [-0.70711, -0.70711, -0.0]]
inst 1217 cirpattern1_4.stl center [-138.721, -222.68, 23.838] origin [-131.453, -216.102, 28.25] axes [[-0.52426, 0.52426, 0.67104], [-0.4745, 0.4745, -0.74142], [-0.70711, -0.70711, -0.0]]
inst 1218 revolve3_2.stl center [-132.771, -214.645, 28.25] origin [-131.453, -216.102, 28.25] axes [[-0.52426, 0.52426, 0.67104], [-0.4745, 0.4745, -0.74142], [-0.70711, -0.70711, -0.0]]
inst 1219 mirror1.stl center [-132.932, -214.468, 28.25] origin [-131.453, -216.102, 28.25] axes [[-0.52426, 0.52426, 0.67104], [-0.4745, 0.4745, -0.74142], [-0.70711, -0.70711, -0.0]]
inst 1220 cirpattern1_10.stl center [-125.179, -210.423, 34.88] origin [-131.453, -216.102, 28.25] axes [[-0.52426, 0.52426, 0.67104], [-0.4745, 0.4745, -0.74142], [-0.70711, -0.70711, -0.0]]
inst 1246 revolve1_1.stl center [-80.026, -199.903, 5.75] origin [-80.026, -199.903, 5.75] axes [[0.54979, -0.83531, -0.0], [0.83531, 0.54979, 0.0], [0.0, -0.0, 1.0]]
inst 1247 cirpattern1_7.stl center [-72.721, -207.79, 5.75] origin [-80.026, -199.903, 5.75] axes [[0.54979, -0.83531, -0.0], [0.83531, 0.54979, 0.0], [0.0, -0.0, 1.0]]
inst 1248 revolve3_1.stl center [-80.026, -199.903, 7.715] origin [-80.026, -199.903, 5.75] axes [[0.54979, -0.83531, -0.0], [0.83531, 0.54979, 0.0], [0.0, -0.0, 1.0]]
inst 1249 cirpattern1_8.stl center [-77.223, -210.281, 5.75] origin [-80.026, -199.903, 5.75] axes [[0.54979, -0.83531, -0.0], [0.83531, 0.54979, 0.0], [0.0, -0.0, 1.0]]
inst 1250 cirpattern1_11.stl center [-89.99, -203.936, 5.75] origin [-80.026, -199.903, 5.75] axes [[0.54979, -0.83531, -0.0], [0.83531, 0.54979, 0.0], [0.0, -0.0, 1.0]]
inst 1251 cirpattern2.stl center [-80.026, -199.903, 7.954] origin [-80.026, -199.903, 5.75] axes [[0.54979, -0.83531, -0.0], [0.83531, 0.54979, 0.0], [0.0, -0.0, 1.0]]
inst 1252 cirpattern1_9.stl center [-82.367, -210.395, 5.75] origin [-80.026, -199.903, 5.75] axes [[0.54979, -0.83531, -0.0], [0.83531, 0.54979, 0.0], [0.0, -0.0, 1.0]]
inst 1253 cirpattern1_3.stl center [-75.241, -190.277, 5.75] origin [-80.026, -199.903, 5.75] axes [[0.54979, -0.83531, -0.0], [0.83531, 0.54979, 0.0], [0.0, -0.0, 1.0]]
inst 1254 cirpattern1_6.stl center [-69.892, -203.493, 5.75] origin [-80.026, -199.903, 5.75] axes [[0.54979, -0.83531, -0.0], [0.83531, 0.54979, 0.0], [0.0, -0.0, 1.0]]
inst 1255 cirpattern1_5.stl center [-69.385, -198.372, 5.75] origin [-80.026, -199.903, 5.75] axes [[0.54979, -0.83531, -0.0], [0.83531, 0.54979, 0.0], [0.0, -0.0, 1.0]]
inst 1256 revolve1_2.stl center [-80.026, -199.903, 5.75] origin [-80.026, -199.903, 5.75] axes [[0.54979, -0.83531, -0.0], [0.83531, 0.54979, 0.0], [0.0, -0.0, 1.0]]
inst 1257 revolve2.stl center [-89.005, -193.993, 5.75] origin [-80.026, -199.903, 5.75] axes [[0.54979, -0.83531, -0.0], [0.83531, 0.54979, 0.0], [0.0, -0.0, 1.0]]
inst 1258 cirpattern1_12.stl center [-90.723, -198.843, 5.75] origin [-80.026, -199.903, 5.75] axes [[0.54979, -0.83531, -0.0], [0.83531, 0.54979, 0.0], [0.0, -0.0, 1.0]]
inst 1259 cirpattern1_1.stl center [-85.23, -190.497, 5.75] origin [-80.026, -199.903, 5.75] axes [[0.54979, -0.83531, -0.0], [0.83531, 0.54979, 0.0], [0.0, -0.0, 1.0]]
inst 1260 cirpattern1_2.stl center [-80.262, -189.156, 5.75] origin [-80.026, -199.903, 5.75] axes [[0.54979, -0.83531, -0.0], [0.83531, 0.54979, 0.0], [0.0, -0.0, 1.0]]
inst 1261 cirpattern1_4.stl center [-71.315, -193.603, 5.75] origin [-80.026, -199.903, 5.75] axes [[0.54979, -0.83531, -0.0], [0.83531, 0.54979, 0.0], [0.0, -0.0, 1.0]]
inst 1262 revolve3_2.stl center [-80.026, -199.903, 3.785] origin [-80.026, -199.903, 5.75] axes [[0.54979, -0.83531, -0.0], [0.83531, 0.54979, 0.0], [0.0, -0.0, 1.0]]
inst 1263 mirror1.stl center [-80.026, -199.903, 3.546] origin [-80.026, -199.903, 5.75] axes [[0.54979, -0.83531, -0.0], [0.83531, 0.54979, 0.0], [0.0, -0.0, 1.0]]
inst 1264 cirpattern1_10.stl center [-86.975, -208.105, 5.75] origin [-80.026, -199.903, 5.75] axes [[0.54979, -0.83531, -0.0], [0.83531, 0.54979, 0.0], [0.0, -0.0, 1.0]]
inst 1293 revolve1_1.stl center [138.054, -291.438, 74.6] origin [138.054, -291.438, 74.6] axes [[0.07196, 0.69563, 0.71479], [-0.07355, -0.71099, 0.69934], [0.99469, -0.10289, -0.0]]
inst 1294 cirpattern1_7.stl center [130.608, -283.828, 73.115] origin [138.054, -291.438, 74.6] axes [[0.07196, 0.69563, 0.71479], [-0.07355, -0.71099, 0.69934], [0.99469, -0.10289, -0.0]]
inst 1295 revolve3_1.stl center [139.458, -290.064, 74.6] origin [138.054, -291.438, 74.6] axes [[0.07196, 0.69563, 0.71479], [-0.07355, -0.71099, 0.69934], [0.99469, -0.10289, -0.0]]
inst 1296 cirpattern1_8.stl center [131.944, -285.193, 68.337] origin [138.054, -291.438, 74.6] axes [[0.07196, 0.69563, 0.71479], [-0.07355, -0.71099, 0.69934], [0.99469, -0.10289, -0.0]]
inst 1297 cirpattern1_11.stl center [141.665, -295.129, 65.172] origin [138.054, -291.438, 74.6] axes [[0.07196, 0.69563, 0.71479], [-0.07355, -0.71099, 0.69934], [0.99469, -0.10289, -0.0]]
inst 1298 cirpattern2.stl center [139.629, -289.897, 74.6] origin [138.054, -291.438, 74.6] axes [[0.07196, 0.69563, 0.71479], [-0.07355, -0.71099, 0.69934], [0.99469, -0.10289, -0.0]]
inst 1299 cirpattern1_9.stl center [134.679, -287.988, 64.994] origin [138.054, -291.438, 74.6] axes [[0.07196, 0.69563, 0.71479], [-0.07355, -0.71099, 0.69934], [0.99469, -0.10289, -0.0]]
inst 1300 cirpattern1_3.stl center [139.723, -293.144, 85.082] origin [138.054, -291.438, 74.6] axes [[0.07196, 0.69563, 0.71479], [-0.07355, -0.71099, 0.69934], [0.99469, -0.10289, -0.0]]
inst 1301 cirpattern1_6.stl center [130.978, -284.206, 78.233] origin [138.054, -291.438, 74.6] axes [[0.07196, 0.69563, 0.71479], [-0.07355, -0.71099, 0.69934], [0.99469, -0.10289, -0.0]]
inst 1302 cirpattern1_5.stl center [132.97, -286.241, 82.519] origin [138.054, -291.438, 74.6] axes [[0.07196, 0.69563, 0.71479], [-0.07355, -0.71099, 0.69934], [0.99469, -0.10289, -0.0]]
inst 1303 revolve1_2.stl center [138.054, -291.438, 74.6] origin [138.054, -291.438, 74.6] axes [[0.07196, 0.69563, 0.71479], [-0.07355, -0.71099, 0.69934], [0.99469, -0.10289, -0.0]]
inst 1304 revolve2.stl center [145.532, -299.081, 73.494] origin [138.054, -291.438, 74.6] axes [[0.07196, 0.69563, 0.71479], [-0.07355, -0.71099, 0.69934], [0.99469, -0.10289, -0.0]]
inst 1305 cirpattern1_12.stl center [144.316, -297.838, 68.652] origin [138.054, -291.438, 74.6] axes [[0.07196, 0.69563, 0.71479], [-0.07355, -0.71099, 0.69934], [0.99469, -0.10289, -0.0]]
inst 1306 cirpattern1_1.stl center [145.035, -298.573, 78.59] origin [138.054, -291.438, 74.6] axes [[0.07196, 0.69563, 0.71479], [-0.07355, -0.71099, 0.69934], [0.99469, -0.10289, -0.0]]
inst 1307 cirpattern1_2.stl center [142.939, -296.43, 82.772] origin [138.054, -291.438, 74.6] axes [[0.07196, 0.69563, 0.71479], [-0.07355, -0.71099, 0.69934], [0.99469, -0.10289, -0.0]]
inst 1308 cirpattern1_4.stl center [136.126, -289.467, 84.991] origin [138.054, -291.438, 74.6] axes [[0.07196, 0.69563, 0.71479], [-0.07355, -0.71099, 0.69934], [0.99469, -0.10289, -0.0]]
inst 1309 revolve3_2.stl center [136.65, -292.812, 74.6] origin [138.054, -291.438, 74.6] axes [[0.07196, 0.69563, 0.71479], [-0.07355, -0.71099, 0.69934], [0.99469, -0.10289, -0.0]]
inst 1310 mirror1.stl center [136.479, -292.979, 74.6] origin [138.054, -291.438, 74.6] axes [[0.07196, 0.69563, 0.71479], [-0.07355, -0.71099, 0.69934], [0.99469, -0.10289, -0.0]]
inst 1311 cirpattern1_10.stl center [138.187, -291.574, 63.852] origin [138.054, -291.438, 74.6] axes [[0.07196, 0.69563, 0.71479], [-0.07355, -0.71099, 0.69934], [0.99469, -0.10289, -0.0]]
inst 1338 revolve1_1.stl center [98.16, -250.663, 28.25] origin [98.16, -250.663, 28.25] axes [[0.49451, -0.49451, 0.71478], [-0.50543, 0.50543, 0.69935], [-0.70711, -0.70711, -0.0]]
inst 1339 cirpattern1_7.stl center [102.049, -254.638, 37.45] origin [98.16, -250.663, 28.25] axes [[0.49451, -0.49451, 0.71478], [-0.50543, 0.50543, 0.69935], [-0.70711, -0.70711, -0.0]]
inst 1340 revolve3_1.stl center [99.564, -249.289, 28.25] origin [98.16, -250.663, 28.25] axes [[0.49451, -0.49451, 0.71478], [-0.50543, 0.50543, 0.69935], [-0.70711, -0.70711, -0.0]]
inst 1341 cirpattern1_8.stl center [98.614, -251.127, 38.98] origin [98.16, -250.663, 28.25] axes [[0.49451, -0.49451, 0.71478], [-0.50543, 0.50543, 0.69935], [-0.70711, -0.70711, -0.0]]
inst 1342 cirpattern1_11.stl center [90.765, -243.105, 30.188] origin [98.16, -250.663, 28.25] axes [[0.49451, -0.49451, 0.71478], [-0.50543, 0.50543, 0.69935], [-0.70711, -0.70711, -0.0]]
inst 1343 cirpattern2.stl center [99.735, -249.122, 28.25] origin [98.16, -250.663, 28.25] axes [[0.49451, -0.49451, 0.71478], [-0.50543, 0.50543, 0.69935], [-0.70711, -0.70711, -0.0]]
inst 1344 cirpattern1_9.stl center [95.074, -247.509, 38.053] origin [98.16, -250.663, 28.25] axes [[0.49451, -0.49451, 0.71478], [-0.50543, 0.50543, 0.69935], [-0.70711, -0.70711, -0.0]]
inst 1345 cirpattern1_3.stl center [102.796, -255.402, 19.788] origin [98.16, -250.663, 28.25] axes [[0.49451, -0.49451, 0.71478], [-0.50543, 0.50543, 0.69935], [-0.70711, -0.70711, -0.0]]
inst 1346 cirpattern1_6.stl center [104.593, -257.239, 33.811] origin [98.16, -250.663, 28.25] axes [[0.49451, -0.49451, 0.71478], [-0.50543, 0.50543, 0.69935], [-0.70711, -0.70711, -0.0]]
inst 1347 cirpattern1_5.stl center [105.664, -258.333, 28.899] origin [98.16, -250.663, 28.25] axes [[0.49451, -0.49451, 0.71478], [-0.50543, 0.50543, 0.69935], [-0.70711, -0.70711, -0.0]]
inst 1348 revolve1_2.stl center [98.16, -250.663, 28.25] origin [98.16, -250.663, 28.25] axes [[0.49451, -0.49451, 0.71478], [-0.50543, 0.50543, 0.69935], [-0.70711, -0.70711, -0.0]]
inst 1349 revolve2.stl center [92.844, -245.23, 20.649] origin [98.16, -250.663, 28.25] axes [[0.49451, -0.49451, 0.71478], [-0.50543, 0.50543, 0.69935], [-0.70711, -0.70711, -0.0]]
inst 1350 cirpattern1_12.stl center [90.982, -243.327, 25.052] origin [98.16, -250.663, 28.25] axes [[0.49451, -0.49451, 0.71478], [-0.50543, 0.50543, 0.69935], [-0.70711, -0.70711, -0.0]]
inst 1351 cirpattern1_1.stl center [95.923, -248.377, 17.987] origin [98.16, -250.663, 28.25] axes [[0.49451, -0.49451, 0.71478], [-0.50543, 0.50543, 0.69935], [-0.70711, -0.70711, -0.0]]
inst 1352 cirpattern1_2.stl center [99.515, -252.048, 17.676] origin [98.16, -250.663, 28.25] axes [[0.49451, -0.49451, 0.71478], [-0.50543, 0.50543, 0.69935], [-0.70711, -0.70711, -0.0]]
inst 1353 cirpattern1_4.stl center [105.015, -257.67, 23.838] origin [98.16, -250.663, 28.25] axes [[0.49451, -0.49451, 0.71478], [-0.50543, 0.50543, 0.69935], [-0.70711, -0.70711, -0.0]]
inst 1354 revolve3_2.stl center [96.755, -252.037, 28.25] origin [98.16, -250.663, 28.25] axes [[0.49451, -0.49451, 0.71478], [-0.50543, 0.50543, 0.69935], [-0.70711, -0.70711, -0.0]]
inst 1355 mirror1.stl center [96.584, -252.204, 28.25] origin [98.16, -250.663, 28.25] axes [[0.49451, -0.49451, 0.71478], [-0.50543, 0.50543, 0.69935], [-0.70711, -0.70711, -0.0]]
inst 1356 cirpattern1_10.stl center [92.242, -244.614, 34.88] origin [98.16, -250.663, 28.25] axes [[0.49451, -0.49451, 0.71478], [-0.50543, 0.50543, 0.69935], [-0.70711, -0.70711, -0.0]]
inst 1382 revolve1_1.stl center [79.974, -199.903, 5.75] origin [79.974, -199.903, 5.75] axes [[-0.85604, -0.51691, 0.0], [0.51691, -0.85604, -0.0], [0.0, -0.0, 1.0]]
inst 1383 cirpattern1_7.stl center [87.572, -192.298, 5.75] origin [79.974, -199.903, 5.75] axes [[-0.85604, -0.51691, 0.0], [0.51691, -0.85604, -0.0], [0.0, -0.0, 1.0]]
inst 1384 revolve3_1.stl center [79.974, -199.903, 7.715] origin [79.974, -199.903, 5.75] axes [[-0.85604, -0.51691, 0.0], [0.51691, -0.85604, -0.0], [0.0, -0.0, 1.0]]
inst 1385 cirpattern1_8.stl center [90.236, -196.7, 5.75] origin [79.974, -199.903, 5.75] axes [[-0.85604, -0.51691, 0.0], [0.51691, -0.85604, -0.0], [0.0, -0.0, 1.0]]
inst 1386 cirpattern1_11.stl center [84.391, -209.704, 5.75] origin [79.974, -199.903, 5.75] axes [[-0.85604, -0.51691, 0.0], [0.51691, -0.85604, -0.0], [0.0, -0.0, 1.0]]
inst 1387 cirpattern2.stl center [79.974, -199.903, 7.954] origin [79.974, -199.903, 5.75] axes [[-0.85604, -0.51691, 0.0], [0.51691, -0.85604, -0.0], [0.0, -0.0, 1.0]]
inst 1388 cirpattern1_9.stl center [90.549, -201.836, 5.75] origin [79.974, -199.903, 5.75] axes [[-0.85604, -0.51691, 0.0], [0.51691, -0.85604, -0.0], [0.0, -0.0, 1.0]]
inst 1389 cirpattern1_3.stl center [70.169, -195.496, 5.75] origin [79.974, -199.903, 5.75] axes [[-0.85604, -0.51691, 0.0], [0.51691, -0.85604, -0.0], [0.0, -0.0, 1.0]]
inst 1390 cirpattern1_6.stl center [83.168, -189.638, 5.75] origin [79.974, -199.903, 5.75] axes [[-0.85604, -0.51691, 0.0], [0.51691, -0.85604, -0.0], [0.0, -0.0, 1.0]]
inst 1391 cirpattern1_5.stl center [78.032, -189.33, 5.75] origin [79.974, -199.903, 5.75] axes [[-0.85604, -0.51691, 0.0], [0.51691, -0.85604, -0.0], [0.0, -0.0, 1.0]]
inst 1392 revolve1_2.stl center [79.974, -199.903, 5.75] origin [79.974, -199.903, 5.75] axes [[-0.85604, -0.51691, 0.0], [0.51691, -0.85604, -0.0], [0.0, -0.0, 1.0]]
inst 1393 revolve2.stl center [74.418, -209.105, 5.75] origin [79.974, -199.903, 5.75] axes [[-0.85604, -0.51691, 0.0], [0.51691, -0.85604, -0.0], [0.0, -0.0, 1.0]]
inst 1394 cirpattern1_12.stl center [79.331, -210.634, 5.75] origin [79.974, -199.903, 5.75] axes [[-0.85604, -0.51691, 0.0], [0.51691, -0.85604, -0.0], [0.0, -0.0, 1.0]]
inst 1395 cirpattern1_1.stl center [70.778, -205.469, 5.75] origin [79.974, -199.903, 5.75] axes [[-0.85604, -0.51691, 0.0], [0.51691, -0.85604, -0.0], [0.0, -0.0, 1.0]]
inst 1396 cirpattern1_2.stl center [69.244, -200.557, 5.75] origin [79.974, -199.903, 5.75] axes [[-0.85604, -0.51691, 0.0], [0.51691, -0.85604, -0.0], [0.0, -0.0, 1.0]]
inst 1397 cirpattern1_4.stl center [73.341, -191.444, 5.75] origin [79.974, -199.903, 5.75] axes [[-0.85604, -0.51691, 0.0], [0.51691, -0.85604, -0.0], [0.0, -0.0, 1.0]]
inst 1398 revolve3_2.stl center [79.974, -199.903, 3.785] origin [79.974, -199.903, 5.75] axes [[-0.85604, -0.51691, 0.0], [0.51691, -0.85604, -0.0], [0.0, -0.0, 1.0]]
inst 1399 mirror1.stl center [79.974, -199.903, 3.546] origin [79.974, -199.903, 5.75] axes [[-0.85604, -0.51691, 0.0], [0.51691, -0.85604, -0.0], [0.0, -0.0, 1.0]]
inst 1400 cirpattern1_10.stl center [88.44, -206.529, 5.75] origin [79.974, -199.903, 5.75] axes [[-0.85604, -0.51691, 0.0], [0.51691, -0.85604, -0.0], [0.0, -0.0, 1.0]]
inst 1429 revolve1_1.stl center [177.794, 265.165, 59.96] origin [177.794, 265.165, 59.96] axes [[0.23671, 0.67059, -0.70305], [0.23402, 0.66296, 0.71114], [0.94298, -0.33286, -0.0]]
inst 1430 cirpattern1_7.stl center [170.186, 257.643, 61.009] origin [177.794, 265.165, 59.96] axes [[0.23671, 0.67059, -0.70305], [0.23402, 0.66296, 0.71114], [0.94298, -0.33286, -0.0]]
inst 1431 revolve3_1.stl center [176.413, 266.562, 59.96] origin [177.794, 265.165, 59.96] axes [[0.23671, 0.67059, -0.70305], [0.23402, 0.66296, 0.71114], [0.94298, -0.33286, -0.0]]
inst 1432 cirpattern1_8.stl center [170.711, 258.162, 55.917] origin [177.794, 265.165, 59.96] axes [[0.23671, 0.67059, -0.70305], [0.23402, 0.66296, 0.71114], [0.94298, -0.33286, -0.0]]
inst 1433 cirpattern1_11.stl center [179.795, 267.143, 49.585] origin [177.794, 265.165, 59.96] axes [[0.23671, 0.67059, -0.70305], [0.23402, 0.66296, 0.71114], [0.94298, -0.33286, -0.0]]
inst 1434 cirpattern2.stl center [176.244, 266.732, 59.96] origin [177.794, 265.165, 59.96] axes [[0.23671, 0.67059, -0.70305], [0.23402, 0.66296, 0.71114], [0.94298, -0.33286, -0.0]]
inst 1435 cirpattern1_9.stl center [172.858, 260.286, 51.751] origin [177.794, 265.165, 59.96] axes [[0.23671, 0.67059, -0.70305], [0.23402, 0.66296, 0.71114], [0.94298, -0.33286, -0.0]]
inst 1436 cirpattern1_3.stl center [181.189, 268.521, 69.592] origin [177.794, 265.165, 59.96] axes [[0.23671, 0.67059, -0.70305], [0.23402, 0.66296, 0.71114], [0.94298, -0.33286, -0.0]]
inst 1437 cirpattern1_6.stl center [171.404, 258.847, 65.861] origin [177.794, 265.165, 59.96] axes [[0.23671, 0.67059, -0.70305], [0.23402, 0.66296, 0.71114], [0.94298, -0.33286, -0.0]]
inst 1438 cirpattern1_5.stl center [174.086, 261.499, 69.361] origin [177.794, 265.165, 59.96] axes [[0.23671, 0.67059, -0.70305], [0.23402, 0.66296, 0.71114], [0.94298, -0.33286, -0.0]]
inst 1439 revolve1_2.stl center [177.794, 265.165, 59.96] origin [177.794, 265.165, 59.96] axes [[0.23671, 0.67059, -0.70305], [0.23402, 0.66296, 0.71114], [0.94298, -0.33286, -0.0]]
inst 1440 revolve2.stl center [185.003, 272.292, 56.382] origin [177.794, 265.165, 59.96] axes [[0.23671, 0.67059, -0.70305], [0.23402, 0.66296, 0.71114], [0.94298, -0.33286, -0.0]]
inst 1441 cirpattern1_12.stl center [182.995, 270.306, 52.081] origin [177.794, 265.165, 59.96] axes [[0.23671, 0.67059, -0.70305], [0.23402, 0.66296, 0.71114], [0.94298, -0.33286, -0.0]]
inst 1442 cirpattern1_1.stl center [185.36, 272.645, 61.503] origin [177.794, 265.165, 59.96] axes [[0.23671, 0.67059, -0.70305], [0.23402, 0.66296, 0.71114], [0.94298, -0.33286, -0.0]]
inst 1443 cirpattern1_2.stl center [183.983, 271.284, 66.27] origin [177.794, 265.165, 59.96] axes [[0.23671, 0.67059, -0.70305], [0.23402, 0.66296, 0.71114], [0.94298, -0.33286, -0.0]]
inst 1444 cirpattern1_4.stl center [177.617, 264.99, 70.707] origin [177.794, 265.165, 59.96] axes [[0.23671, 0.67059, -0.70305], [0.23402, 0.66296, 0.71114], [0.94298, -0.33286, -0.0]]
inst 1445 revolve3_2.stl center [179.175, 263.768, 59.96] origin [177.794, 265.165, 59.96] axes [[0.23671, 0.67059, -0.70305], [0.23402, 0.66296, 0.71114], [0.94298, -0.33286, -0.0]]
inst 1446 mirror1.stl center [179.344, 263.598, 59.96] origin [177.794, 265.165, 59.96] axes [[0.23671, 0.67059, -0.70305], [0.23402, 0.66296, 0.71114], [0.94298, -0.33286, -0.0]]
inst 1447 cirpattern1_10.stl center [176.137, 263.527, 49.466] origin [177.794, 265.165, 59.96] axes [[0.23671, 0.67059, -0.70305], [0.23402, 0.66296, 0.71114], [0.94298, -0.33286, -0.0]]
inst 1474 revolve1_1.stl center [130.639, 218.546, 28.25] origin [130.639, 218.546, 28.25] axes [[0.50285, -0.50285, -0.70306], [0.49713, -0.49714, 0.71114], [-0.70711, -0.70711, -0.0]]
inst 1475 cirpattern1_7.stl center [134.594, 222.456, 37.45] origin [130.639, 218.546, 28.25] axes [[0.50285, -0.50285, -0.70306], [0.49713, -0.49714, 0.71114], [-0.70711, -0.70711, -0.0]]
inst 1476 revolve3_1.stl center [129.258, 219.943, 28.25] origin [130.639, 218.546, 28.25] axes [[0.50285, -0.50285, -0.70306], [0.49713, -0.49714, 0.71114], [-0.70711, -0.70711, -0.0]]
inst 1477 cirpattern1_8.stl center [131.101, 219.002, 38.98] origin [130.639, 218.546, 28.25] axes [[0.50285, -0.50285, -0.70306], [0.49713, -0.49714, 0.71114], [-0.70711, -0.70711, -0.0]]
inst 1478 cirpattern1_11.stl center [123.12, 211.112, 30.188] origin [130.639, 218.546, 28.25] axes [[0.50285, -0.50285, -0.70306], [0.49713, -0.49714, 0.71114], [-0.70711, -0.70711, -0.0]]
inst 1479 cirpattern2.stl center [129.089, 220.113, 28.25] origin [130.639, 218.546, 28.25] axes [[0.50285, -0.50285, -0.70306], [0.49713, -0.49714, 0.71114], [-0.70711, -0.70711, -0.0]]
inst 1480 cirpattern1_9.stl center [127.501, 215.444, 38.053] origin [130.639, 218.546, 28.25] axes [[0.50285, -0.50285, -0.70306], [0.49713, -0.49714, 0.71114], [-0.70711, -0.70711, -0.0]]
inst 1481 cirpattern1_3.stl center [135.354, 223.207, 19.788] origin [130.639, 218.546, 28.25] axes [[0.50285, -0.50285, -0.70306], [0.49713, -0.49714, 0.71114], [-0.70711, -0.70711, -0.0]]
inst 1482 cirpattern1_6.stl center [137.181, 225.014, 33.811] origin [130.639, 218.546, 28.25] axes [[0.50285, -0.50285, -0.70306], [0.49713, -0.49714, 0.71114], [-0.70711, -0.70711, -0.0]]
inst 1483 cirpattern1_5.stl center [138.27, 226.09, 28.899] origin [130.639, 218.546, 28.25] axes [[0.50285, -0.50285, -0.70306], [0.49713, -0.49714, 0.71114], [-0.70711, -0.70711, -0.0]]
inst 1484 revolve1_2.stl center [130.639, 218.546, 28.25] origin [130.639, 218.546, 28.25] axes [[0.50285, -0.50285, -0.70306], [0.49713, -0.49714, 0.71114], [-0.70711, -0.70711, -0.0]]
inst 1485 revolve2.stl center [125.233, 213.202, 20.649] origin [130.639, 218.546, 28.25] axes [[0.50285, -0.50285, -0.70306], [0.49713, -0.49714, 0.71114], [-0.70711, -0.70711, -0.0]]
inst 1486 cirpattern1_12.stl center [123.34, 211.33, 25.052] origin [130.639, 218.546, 28.25] axes [[0.50285, -0.50285, -0.70306], [0.49713, -0.49714, 0.71114], [-0.70711, -0.70711, -0.0]]
inst 1487 cirpattern1_1.stl center [128.365, 216.298, 17.987] origin [130.639, 218.546, 28.25] axes [[0.50285, -0.50285, -0.70306], [0.49713, -0.49714, 0.71114], [-0.70711, -0.70711, -0.0]]
inst 1488 cirpattern1_2.stl center [132.017, 219.908, 17.676] origin [130.639, 218.546, 28.25] axes [[0.50285, -0.50285, -0.70306], [0.49713, -0.49714, 0.71114], [-0.70711, -0.70711, -0.0]]
inst 1489 cirpattern1_4.stl center [137.61, 225.438, 23.838] origin [130.639, 218.546, 28.25] axes [[0.50285, -0.50285, -0.70306], [0.49713, -0.49714, 0.71114], [-0.70711, -0.70711, -0.0]]
inst 1490 revolve3_2.stl center [132.02, 217.149, 28.25] origin [130.639, 218.546, 28.25] axes [[0.50285, -0.50285, -0.70306], [0.49713, -0.49714, 0.71114], [-0.70711, -0.70711, -0.0]]
inst 1491 mirror1.stl center [132.189, 216.979, 28.25] origin [130.639, 218.546, 28.25] axes [[0.50285, -0.50285, -0.70306], [0.49713, -0.49714, 0.71114], [-0.70711, -0.70711, -0.0]]
inst 1492 cirpattern1_10.stl center [124.621, 212.597, 34.88] origin [130.639, 218.546, 28.25] axes [[0.50285, -0.50285, -0.70306], [0.49713, -0.49714, 0.71114], [-0.70711, -0.70711, -0.0]]
inst 1518 revolve1_1.stl center [79.974, 200.097, 5.75] origin [79.974, 200.097, 5.75] axes [[-0.51246, 0.85871, 0.0], [-0.85871, -0.51246, 0.0], [0.0, -0.0, 1.0]]
inst 1519 cirpattern1_7.stl center [72.33, 207.655, 5.75] origin [79.974, 200.097, 5.75] axes [[-0.51246, 0.85871, 0.0], [-0.85871, -0.51246, 0.0], [0.0, -0.0, 1.0]]
inst 1520 revolve3_1.stl center [79.974, 200.097, 7.715] origin [79.974, 200.097, 5.75] axes [[-0.51246, 0.85871, 0.0], [-0.85871, -0.51246, 0.0], [0.0, -0.0, 1.0]]
inst 1521 cirpattern1_8.stl center [76.718, 210.342, 5.75] origin [79.974, 200.097, 5.75] axes [[-0.51246, 0.85871, 0.0], [-0.85871, -0.51246, 0.0], [0.0, -0.0, 1.0]]
inst 1522 cirpattern1_11.stl center [89.752, 204.565, 5.75] origin [79.974, 200.097, 5.75] axes [[-0.51246, 0.85871, 0.0], [-0.85871, -0.51246, 0.0], [0.0, -0.0, 1.0]]
inst 1523 cirpattern2.stl center [79.974, 200.097, 7.954] origin [79.974, 200.097, 5.75] axes [[-0.51246, 0.85871, 0.0], [-0.85871, -0.51246, 0.0], [0.0, -0.0, 1.0]]
inst 1524 cirpattern1_9.stl center [81.852, 210.682, 5.75] origin [79.974, 200.097, 5.75] axes [[-0.51246, 0.85871, 0.0], [-0.85871, -0.51246, 0.0], [0.0, -0.0, 1.0]]
inst 1525 cirpattern1_3.stl center [75.618, 190.269, 5.75] origin [79.974, 200.097, 5.75] axes [[-0.51246, 0.85871, 0.0], [-0.85871, -0.51246, 0.0], [0.0, -0.0, 1.0]]
inst 1526 cirpattern1_6.stl center [69.693, 203.237, 5.75] origin [79.974, 200.097, 5.75] axes [[-0.51246, 0.85871, 0.0], [-0.85871, -0.51246, 0.0], [0.0, -0.0, 1.0]]
inst 1527 cirpattern1_5.stl center [69.412, 198.099, 5.75] origin [79.974, 200.097, 5.75] axes [[-0.51246, 0.85871, 0.0], [-0.85871, -0.51246, 0.0], [0.0, -0.0, 1.0]]
inst 1528 revolve1_2.stl center [79.974, 200.097, 5.75] origin [79.974, 200.097, 5.75] axes [[-0.51246, 0.85871, 0.0], [-0.85871, -0.51246, 0.0], [0.0, -0.0, 1.0]]
inst 1529 revolve2.stl center [89.206, 194.588, 5.75] origin [79.974, 200.097, 5.75] axes [[-0.51246, 0.85871, 0.0], [-0.85871, -0.51246, 0.0], [0.0, -0.0, 1.0]]
inst 1530 cirpattern1_12.stl center [90.708, 199.509, 5.75] origin [79.974, 200.097, 5.75] axes [[-0.51246, 0.85871, 0.0], [-0.85871, -0.51246, 0.0], [0.0, -0.0, 1.0]]
inst 1531 cirpattern1_1.stl center [85.588, 190.929, 5.75] origin [79.974, 200.097, 5.75] axes [[-0.51246, 0.85871, 0.0], [-0.85871, -0.51246, 0.0], [0.0, -0.0, 1.0]]
inst 1532 cirpattern1_2.stl center [80.685, 189.37, 5.75] origin [79.974, 200.097, 5.75] axes [[-0.51246, 0.85871, 0.0], [-0.85871, -0.51246, 0.0], [0.0, -0.0, 1.0]]
inst 1533 cirpattern1_4.stl center [71.55, 193.419, 5.75] origin [79.974, 200.097, 5.75] axes [[-0.51246, 0.85871, 0.0], [-0.85871, -0.51246, 0.0], [0.0, -0.0, 1.0]]
inst 1534 revolve3_2.stl center [79.974, 200.097, 3.785] origin [79.974, 200.097, 5.75] axes [[-0.51246, 0.85871, 0.0], [-0.85871, -0.51246, 0.0], [0.0, -0.0, 1.0]]
inst 1535 mirror1.stl center [79.975, 200.097, 3.546] origin [79.974, 200.097, 5.75] axes [[-0.51246, 0.85871, 0.0], [-0.85871, -0.51246, 0.0], [0.0, -0.0, 1.0]]
inst 1536 cirpattern1_10.stl center [86.556, 208.597, 5.75] origin [79.974, 200.097, 5.75] axes [[-0.51246, 0.85871, 0.0], [-0.85871, -0.51246, 0.0], [0.0, -0.0, 1.0]]
